16 3.3875886356426363 13.130047521797213 292 2938
99 46 56 83 80 44 65 26 94 43 23 1 46 24 13 52 
73 21 97 38 84 3 63 12 100 73 2 38 58 66 76 94 
99 7 27 57 79 25 26 3 80 67 3 61 65 68 37 22 
29 1 38 83 3 32 90 88 58 29 17 82 20 66 71 54 
8 72 24 8 61 63 80 39 38 55 7 62 83 96 97 19 
5 56 76 3 9 16 1 99 22 49 6 77 21 19 70 96 
86 25 89 61 68 97 20 43 73 1 48 47 82 70 2 70 
29 95 15 24 19 39 58 26 47 72 51 33 62 68 69 23 
22 61 14 70 55 66 14 34 98 24 2 73 84 24 98 63 
23 67 14 45 6 37 46 86 86 74 56 61 79 71 18 34 
46 81 92 67 84 69 22 41 68 71 76 32 88 21 100 56 
40 65 57 31 78 19 26 55 62 67 7 87 56 40 28 56 
100 56 43 80 71 87 75 30 66 88 4 8 97 78 70 15 
69 100 39 27 57 81 22 37 19 23 53 89 9 49 77 94 
45 87 7 88 10 79 49 48 28 97 89 59 29 45 74 2 
36 3 43 32 70 12 49 17 89 73 38 83 52 81 86 11 
0.5096980563462636 0.24514047380781906 0.5079176353811522 0.4172465920004015 0.394337531065669 0.6710695847342691 0.18195942530014342 0.6215727837965881 0.1904681554193169 0.40158217597134155 0.9539894870317966 0.6649940274648982 0.5965681185424296 0.6727665062494275 0.7848982179577019 0.5695560529533857 
0.24514047380781906 0.3110386261184246 0.6111963219428266 0.7270922863023583 0.612771845210215 0.8056259808998261 0.7313416152033216 0.5130141195200335 0.2896592809426172 0.9319649098969409 0.759161785619535 0.7108562155443804 0.8553250742152789 0.45504119353906186 0.49779586626502087 0.40724305853324383 
0.5079176353811522 0.6111963219428266 0.39741893168093423 0.3323904575756372 0.3787036710390372 0.5392668264600697 0.45763991343598764 0.10699100242702764 0.4147177564595986 0.18222639633403392 0.4496039051781815 0.5596759961021687 0.21007148971013917 0.8478850528468654 0.844570119696533 0.7526495417604164 
0.4172465920004015 0.7270922863023583 0.3323904575756372 0.2794464027908401 0.1101722412772867 0.46505066206321294 0.6790906647674286 0.6007048780803896 0.44363128294310245 0.2328588732197336 0.18604944685424113 0.880673396551782 0.6739878521050044 0.36596296467258943 0.5650242133071772 0.5117816788892364 
0.394337531065669 0.612771845210215 0.3787036710390372 0.1101722412772867 0.5632579417922735 0.3338011732745016 0.4040219964245681 0.4430359287420569 0.4834034082324881 0.6439028717361781 0.43772359155694257 0.4611293154894342 0.2331427716921723 0.5118142164463176 0.5548993652381975 0.6154326321077177 
0.6710695847342691 0.8056259808998261 0.5392668264600697 0.46505066206321294 0.3338011732745016 0.5845720398434004 0.09951421845422947 0.38359636667098423 0.4666997537484904 0.2575698168783669 0.1910006369653081 0.4698687304574095 0.6084644889782311 0.5597558774870433 0.23335459505627087 0.6592014355472802 
0.18195942530014342 0.7313416152033216 0.45763991343598764 0.6790906647674286 0.4040219964245681 0.09951421845422947 0.4215934367834986 0.6211175311015769 0.2799120297065886 0.37133307944963734 0.6723512713590207 0.2650093673980587 0.46476339432531644 0.6689948426426677 0.6030477515684664 0.5423116532852401 
0.6215727837965881 0.5130141195200335 0.10699100242702764 0.6007048780803896 0.4430359287420569 0.38359636667098423 0.6211175311015769 0.844362451541753 0.2661674736180825 0.41402666514895475 0.5103485563269019 0.36373032948923867 0.25920842010272277 0.6400968173515851 0.6558409130654612 0.4479477830478478 
0.1904681554193169 0.2896592809426172 0.4147177564595986 0.44363128294310245 0.4834034082324881 0.4666997537484904 0.2799120297065886 0.2661674736180825 0.8327945384584158 0.3081455164220297 0.4442486161183281 0.41920068002218397 0.5753154811393772 0.23130630748664383 0.4150993477127777 0.3016194366045904 
0.40158217597134155 0.9319649098969409 0.18222639633403392 0.2328588732197336 0.6439028717361781 0.2575698168783669 0.37133307944963734 0.41402666514895475 0.3081455164220297 0.9324226021739116 0.5207823760880472 0.4946015934816146 0.44126841558360136 0.45527970526820466 0.758416153104938 0.83191934557026 
0.9539894870317966 0.759161785619535 0.4496039051781815 0.18604944685424113 0.43772359155694257 0.1910006369653081 0.6723512713590207 0.5103485563269019 0.4442486161183281 0.5207823760880472 0.14810793505161057 0.6053866648235071 0.40417895308493096 0.31883827525434855 0.4739187195120472 0.6379831429034908 
0.6649940274648982 0.7108562155443804 0.5596759961021687 0.880673396551782 0.4611293154894342 0.4698687304574095 0.2650093673980587 0.36373032948923867 0.41920068002218397 0.4946015934816146 0.6053866648235071 0.7505699812298788 0.4604131566009608 0.3979062129865909 0.2873473478283271 0.8522768077524143 
0.5965681185424296 0.8553250742152789 0.21007148971013917 0.6739878521050044 0.2331427716921723 0.6084644889782311 0.46476339432531644 0.25920842010272277 0.5753154811393772 0.44126841558360136 0.40417895308493096 0.4604131566009608 0.2683151260221338 0.615280881383693 0.6539551689693226 0.3963473495426759 
0.6727665062494275 0.45504119353906186 0.8478850528468654 0.36596296467258943 0.5118142164463176 0.5597558774870433 0.6689948426426677 0.6400968173515851 0.23130630748664383 0.45527970526820466 0.31883827525434855 0.3979062129865909 0.615280881383693 0.26902363177300703 0.23171397024725326 0.3817154770130081 
0.7848982179577019 0.49779586626502087 0.844570119696533 0.5650242133071772 0.5548993652381975 0.23335459505627087 0.6030477515684664 0.6558409130654612 0.4150993477127777 0.758416153104938 0.4739187195120472 0.2873473478283271 0.6539551689693226 0.23171397024725326 0.7314100622219908 0.49048898000258695 
0.5695560529533857 0.40724305853324383 0.7526495417604164 0.5117816788892364 0.6154326321077177 0.6592014355472802 0.5423116532852401 0.4479477830478478 0.3016194366045904 0.83191934557026 0.6379831429034908 0.8522768077524143 0.3963473495426759 0.3817154770130081 0.49048898000258695 0.9655321077113425 