8 1.5528386644096934 6.230355116495653 276 1280
3 20 22 73 21 26 18 17 
7 72 59 64 8 69 62 93 
33 97 32 52 81 32 51 40 
4 40 96 59 93 91 22 95 
51 50 77 63 31 71 26 32 
30 49 49 14 71 67 79 44 
45 60 28 14 74 46 50 2 
56 30 33 85 79 68 54 62 
0.3180020579104277 0.3556879841802944 0.08176547746148344 0.584878016412731 0.128118316858767 0.29802621033701066 0.46331384772998 0.200211605800095 
0.3556879841802944 0.9498293132516233 0.7442390671850443 0.4922172337903797 0.4923606431626856 0.7538729025712234 0.22472845909592598 0.13377432757175456 
0.08176547746148344 0.7442390671850443 0.2079460343022237 0.6591868382535135 0.4159819254212319 0.7385103846640044 0.7300299992397368 0.45271629150833825 
0.584878016412731 0.4922172337903797 0.6591868382535135 0.572405574840132 0.6060678509551609 0.5186576860533806 0.40921707786575284 0.7805727913373767 
0.128118316858767 0.4923606431626856 0.4159819254212319 0.6060678509551609 0.7185872951846131 0.15166244930585587 0.3891076043099676 0.46309317095272146 
0.29802621033701066 0.7538729025712234 0.7385103846640044 0.5186576860533806 0.15166244930585587 0.9634562680988046 0.21690527800945264 0.9660612383772411 
0.46331384772998 0.22472845909592598 0.7300299992397368 0.40921707786575284 0.3891076043099676 0.21690527800945264 0.5326044766888149 0.7828791766155505 
0.200211605800095 0.13377432757175456 0.45271629150833825 0.7805727913373767 0.46309317095272146 0.9660612383772411 0.7828791766155505 0.7374312427193872 