32
47 56 58 99 63 52 28 51 70 95 15 82 70 96 29 32 96 87 29 63 80 90 55 58 24 4 42 89 39 14 69 24 
95 12 44 1 91 15 67 6 36 98 80 14 9 50 61 54 96 45 36 59 36 11 79 53 82 11 45 71 15 22 97 62 
33 75 93 89 19 20 13 83 33 70 73 45 54 4 92 99 79 66 77 63 53 44 6 54 17 17 28 44 5 8 19 96 
86 1 89 42 67 9 61 36 63 96 84 41 5 46 40 9 91 47 5 94 52 53 6 54 68 2 45 46 23 86 23 74 
40 76 77 45 13 24 60 93 98 31 74 18 37 14 83 2 41 2 4 27 70 18 96 59 6 47 1 83 70 17 92 48 
20 6 93 87 42 7 38 54 16 95 24 54 67 63 8 76 69 76 96 2 4 93 46 28 63 9 85 1 97 55 5 22 
29 99 94 52 23 68 47 42 85 31 54 14 35 35 31 28 76 95 72 66 27 41 72 20 30 1 67 13 97 53 70 23 
66 35 74 34 68 32 7 49 96 3 22 38 61 17 25 14 2 33 40 2 28 13 14 32 69 63 63 68 54 49 76 22 
28 78 20 27 71 62 74 59 77 16 22 88 37 39 7 65 88 64 29 92 10 61 8 33 20 14 61 85 59 87 92 8 
26 93 14 80 87 21 95 38 27 35 96 21 28 100 58 45 40 15 26 4 43 1 70 39 33 85 81 33 78 13 18 100 
59 60 95 87 87 58 4 51 76 4 41 20 42 15 72 13 3 23 51 87 26 84 23 26 38 7 85 47 57 9 67 2 
19 25 96 78 41 42 28 31 92 40 21 61 46 41 28 7 58 21 95 48 64 2 92 94 83 57 53 26 12 97 5 39 
75 46 43 25 82 63 93 49 22 70 32 87 4 59 54 55 28 81 4 65 56 62 38 14 27 9 35 33 97 93 99 89 
13 99 33 32 67 10 91 84 67 73 7 26 99 99 79 50 25 7 58 95 85 47 34 63 18 36 4 6 65 6 56 13 
35 54 30 76 28 18 63 60 77 69 8 93 44 73 64 36 70 83 82 81 71 37 67 80 80 23 19 96 29 97 19 35 
47 25 52 28 79 45 51 76 59 78 88 11 31 28 53 71 91 38 86 60 93 43 86 74 55 67 9 55 98 12 15 26 
47 44 73 85 85 54 48 70 99 14 53 73 3 6 58 67 34 4 38 29 45 84 78 60 67 31 76 1 22 74 26 76 
31 77 94 52 39 73 80 44 97 95 4 59 32 45 92 3 28 33 97 30 2 15 87 50 53 25 66 1 69 54 45 14 
55 54 69 14 74 7 53 2 21 39 99 64 48 15 43 26 74 48 10 1 74 33 95 61 95 59 57 19 17 60 32 5 
29 48 15 97 39 51 29 76 19 3 86 10 99 57 10 74 63 83 77 17 74 51 29 2 76 8 41 20 57 46 13 98 
81 12 70 61 89 50 56 29 60 66 52 3 25 62 22 13 85 52 44 100 9 44 49 86 53 52 40 50 12 24 32 42 
10 43 28 48 55 21 97 8 85 16 88 62 11 86 75 11 82 78 45 20 43 27 70 95 15 43 67 89 22 78 9 50 
32 42 83 63 48 50 38 72 12 71 44 31 17 19 48 68 44 79 100 74 92 60 1 72 23 49 91 14 64 100 29 31 
66 78 72 60 47 24 64 67 32 39 25 22 15 6 50 68 39 87 53 96 66 99 8 76 94 55 74 94 77 55 31 15 
50 51 51 88 77 52 89 92 38 22 39 97 1 57 24 13 13 7 11 26 31 96 100 100 25 67 37 89 31 10 52 7 
62 74 51 42 97 10 26 25 28 47 62 16 34 17 10 37 79 66 40 41 1 12 45 43 8 1 22 18 54 2 57 16 
14 34 71 38 2 90 74 25 49 12 58 22 59 86 32 72 62 64 100 44 28 5 43 75 93 16 34 14 13 78 97 77 
97 42 12 73 65 61 11 85 63 60 12 3 32 66 18 37 31 94 74 35 1 78 86 20 75 14 40 91 51 86 8 30 
33 83 59 28 17 4 21 77 36 25 82 74 41 71 83 27 50 44 7 79 19 74 95 57 1 33 27 7 13 71 10 65 
17 49 9 90 86 92 89 48 5 57 75 46 79 63 84 7 99 81 94 31 56 67 58 41 72 46 28 29 34 55 28 15 
81 80 4 25 87 42 36 20 25 56 89 73 22 56 100 87 47 95 83 96 26 37 25 16 65 66 84 67 15 93 53 55 
69 6 21 99 88 96 32 64 58 38 57 97 44 12 16 93 93 62 71 96 76 27 94 61 44 61 40 40 95 19 55 47 
98 152 166 129 107 132 84 182 136 94 92 143 159 56 118 80 103 137 88 75 195 122 78 90 63 79 121 60 63 25 167 90 
152 88 97 58 110 144 33 68 153 97 118 151 102 181 98 172 118 81 136 40 59 80 182 62 155 106 61 19 158 79 56 35 
166 97 14 127 148 153 22 96 122 166 183 147 129 94 175 100 122 126 57 90 93 134 84 75 157 160 85 139 186 50 135 138 
129 58 127 108 62 85 167 178 72 179 104 77 89 60 158 155 74 132 145 66 136 86 112 96 110 43 74 105 67 53 153 143 
107 110 148 62 146 78 51 100 66 19 140 96 91 121 119 130 134 145 106 68 74 109 127 53 190 113 66 64 125 95 109 61 
132 144 153 85 78 52 115 75 94 107 7 103 71 66 122 57 163 68 120 106 121 134 154 87 35 178 99 75 62 68 10 56 
84 33 22 167 51 115 86 68 101 81 29 73 88 30 92 57 100 173 162 77 115 114 79 75 115 38 118 80 129 97 50 145 
182 68 96 178 100 75 68 132 120 135 197 162 33 81 36 143 124 132 74 121 104 77 105 126 180 119 131 121 115 98 136 101 
136 153 122 72 66 94 101 120 140 57 84 9 144 10 127 70 106 62 154 158 45 88 90 49 109 28 79 72 101 170 38 154 
94 97 166 179 19 107 81 135 57 72 110 47 105 47 137 102 108 29 131 172 35 110 154 165 118 110 43 103 80 156 134 108 
92 118 183 104 140 7 29 197 84 110 188 134 132 101 98 125 34 128 147 161 146 131 106 90 89 95 70 96 111 62 188 136 
143 151 147 77 96 103 73 162 9 47 134 40 174 94 99 32 160 166 76 175 145 88 150 100 98 103 152 56 66 65 50 119 
159 102 129 89 91 71 88 33 144 105 132 174 56 93 119 93 133 67 134 82 90 21 87 149 149 85 112 145 77 121 87 127 
56 181 94 60 121 66 30 81 10 47 101 94 93 112 114 125 29 103 145 89 109 186 135 98 42 55 68 95 97 170 149 168 
118 98 175 158 119 122 92 36 127 137 98 99 119 114 34 137 87 88 77 83 118 86 91 109 172 133 112 153 112 25 121 29 
80 172 100 155 130 57 57 143 70 102 125 32 93 125 137 66 80 102 100 136 124 43 129 107 118 90 57 139 65 43 118 90 
103 118 122 74 134 163 100 124 106 108 34 160 133 29 87 80 190 34 97 74 30 106 103 174 89 105 72 105 119 154 103 120 
137 81 126 132 145 68 173 132 62 29 128 166 67 103 88 102 34 112 81 85 151 66 104 111 104 94 18 129 180 134 51 47 
88 136 57 145 106 120 162 74 154 131 147 76 134 145 77 100 97 81 116 161 62 93 112 133 159 53 108 91 89 96 100 91 
75 40 90 66 68 106 77 121 158 172 161 175 82 89 83 136 74 85 161 146 91 89 82 33 155 84 73 90 102 100 109 117 
195 59 93 136 74 121 115 104 45 35 146 145 90 109 118 124 30 151 62 91 150 119 133 37 158 76 138 169 87 144 144 84 
122 80 134 86 109 134 114 77 88 110 131 88 21 186 86 43 106 66 93 89 119 10 66 195 31 100 159 157 197 88 17 110 
78 182 84 112 127 154 79 105 90 154 106 150 87 135 91 129 103 104 112 82 133 66 158 121 80 103 112 176 63 170 137 97 
90 62 75 96 53 87 75 126 49 165 90 100 149 98 109 107 174 111 133 33 37 195 121 156 82 29 44 51 41 109 55 160 
63 155 157 110 190 35 115 180 109 118 89 98 149 42 172 118 89 104 159 155 158 31 80 82 190 153 115 52 178 32 112 121 
79 106 160 43 113 178 38 119 28 110 95 103 85 55 133 90 105 94 53 84 76 100 103 29 153 162 139 62 58 148 88 153 
121 61 85 74 66 99 118 131 79 43 70 152 112 68 112 57 72 18 108 73 138 159 112 44 115 139 164 160 137 56 107 109 
60 19 139 105 64 75 80 121 72 103 96 56 145 95 153 139 105 129 91 90 169 157 176 51 52 62 160 168 88 168 84 83 
63 158 186 67 125 62 129 115 101 80 111 66 77 97 112 65 119 180 89 102 87 197 63 41 178 58 137 88 54 108 61 70 
25 79 50 53 95 68 97 98 170 156 62 65 121 170 25 43 154 134 96 100 144 88 170 109 32 148 56 168 108 24 86 53 
167 56 135 153 109 10 50 136 38 134 188 50 87 149 121 118 103 51 100 109 144 17 137 55 112 88 107 84 61 86 198 54 
90 35 138 143 61 56 145 101 154 108 136 119 127 168 29 90 120 47 91 117 84 110 97 160 121 153 109 83 70 53 54 156 