32
50 86 34 64 90 37 16 52 74 84 44 59 16 29 26 85 26 65 91 86 32 69 8 94 30 67 97 21 41 33 13 6 
77 1 33 57 89 79 22 20 10 50 58 66 45 60 69 72 57 24 76 34 2 1 66 36 75 88 100 48 66 38 58 10 
67 27 95 85 99 35 27 84 69 19 40 20 10 67 60 5 22 86 73 53 97 43 33 33 69 17 90 22 47 15 15 40 
53 27 56 61 41 79 66 3 73 38 54 77 30 75 75 18 86 1 76 12 39 6 88 80 31 65 88 39 37 66 53 93 
6 50 8 33 90 60 67 45 41 39 81 92 21 77 26 56 75 56 58 51 6 10 65 62 38 2 86 54 18 55 31 50 
65 34 45 95 34 27 28 67 1 70 20 89 42 70 17 58 11 70 68 41 55 73 76 52 28 13 1 71 48 95 21 68 
11 74 92 13 36 71 88 12 84 61 23 25 87 47 90 80 45 26 15 35 73 78 73 2 41 46 65 36 66 40 71 65 
70 58 15 76 7 4 70 35 40 68 71 45 38 93 55 5 17 93 94 99 12 40 30 37 7 88 82 59 41 87 85 89 
55 3 57 31 21 40 91 95 58 16 60 64 100 25 40 18 45 33 61 74 28 20 49 12 60 98 47 21 42 92 4 4 
100 58 88 18 68 46 79 70 1 53 85 34 3 72 22 98 8 97 77 67 46 31 21 48 69 41 83 20 85 5 68 74 
74 22 15 23 2 72 52 97 53 18 47 38 17 13 14 15 65 64 54 75 41 38 79 1 1 68 75 75 94 89 5 89 
3 10 36 70 31 62 40 99 5 72 94 82 72 47 73 42 73 29 58 96 5 58 29 52 90 6 65 94 55 69 16 62 
84 92 19 35 27 46 25 51 7 58 92 53 15 35 92 58 99 39 2 26 99 69 62 13 41 28 40 67 36 78 86 63 
3 46 94 97 43 70 6 94 26 12 96 94 74 60 33 77 15 99 64 61 28 45 29 19 45 13 43 64 68 21 71 13 
50 21 38 12 60 21 42 28 25 24 20 93 43 56 34 19 59 39 63 81 22 90 64 67 77 9 100 46 31 51 32 98 
3 70 56 82 33 27 43 71 10 95 55 91 100 87 82 61 99 13 11 80 72 77 87 28 34 98 12 33 37 56 59 100 
54 93 82 59 44 24 57 89 26 62 21 91 68 58 31 40 2 50 15 30 38 70 51 36 40 13 23 91 39 22 35 79 
87 46 12 15 88 13 9 4 16 15 74 98 56 11 14 14 42 32 67 66 44 94 43 53 41 24 92 39 17 86 21 7 
13 25 20 69 28 57 31 59 38 55 39 33 28 43 83 35 45 24 92 72 69 87 100 72 85 45 75 68 90 27 82 44 
15 93 83 58 62 42 16 9 73 25 20 13 45 97 53 7 40 96 58 4 75 98 34 31 40 17 48 6 31 39 40 41 
31 14 13 85 24 2 78 66 9 74 48 90 17 97 49 84 73 99 74 17 28 20 26 29 68 13 56 12 88 35 97 41 
8 93 35 47 53 1 87 89 25 25 36 79 11 37 98 66 59 94 54 63 67 25 41 71 28 4 1 90 4 90 33 46 
74 79 50 73 96 76 25 2 76 62 70 4 23 74 36 34 20 77 27 56 87 33 2 96 9 7 99 50 17 100 29 13 
49 82 53 53 56 97 71 78 1 31 38 48 76 41 73 91 95 69 2 77 46 7 9 61 85 53 45 37 19 58 73 1 
63 98 85 80 3 11 52 67 53 29 67 27 23 13 75 53 97 87 83 85 49 77 21 18 70 19 40 57 91 88 3 34 
13 46 30 80 97 25 31 69 56 42 10 29 44 93 12 21 41 86 4 68 48 28 27 10 7 86 40 9 83 37 29 90 
67 52 22 93 7 6 64 81 33 6 62 96 13 40 6 50 78 61 56 33 56 81 34 84 52 56 4 88 25 23 76 43 
54 32 1 20 78 41 21 29 41 39 58 80 87 35 19 58 87 18 45 97 89 53 31 37 42 52 30 25 20 76 34 56 
65 51 24 74 63 73 81 84 15 24 98 41 28 29 57 92 25 34 99 40 92 23 11 39 30 2 31 80 82 66 51 30 
56 52 98 68 34 97 8 37 14 39 79 19 78 40 59 76 23 78 82 1 17 57 46 99 15 58 13 100 29 49 58 82 
12 16 62 59 34 80 83 38 21 8 33 36 32 77 24 48 17 22 53 82 31 83 67 69 17 97 45 37 64 18 92 49 
45 68 36 59 88 43 94 39 35 42 32 42 34 71 37 80 63 69 30 96 28 60 4 49 38 29 71 85 19 98 73 37 
52 177 104 110 160 129 156 80 133 139 113 87 48 163 61 157 86 78 139 159 117 61 136 133 30 33 103 83 97 29 135 28 
177 196 109 91 42 136 151 92 123 108 33 89 90 130 91 149 131 103 166 174 45 191 32 96 92 169 47 144 39 132 87 105 
104 109 24 131 137 60 103 192 139 60 47 118 130 26 138 147 105 132 120 35 75 81 82 110 112 111 105 116 118 82 78 117 
110 91 131 138 38 49 135 80 151 151 102 86 53 106 79 85 67 103 116 92 92 106 115 116 61 100 54 101 70 82 32 145 
160 42 137 38 38 50 45 56 65 100 49 130 45 157 119 90 134 66 154 131 95 73 129 123 99 80 67 64 59 82 89 104 
129 136 60 49 50 44 112 126 98 126 17 111 115 64 82 141 19 70 116 104 31 112 17 124 59 65 136 112 128 49 73 128 
156 151 103 135 45 112 148 102 101 153 97 72 48 159 34 48 45 37 48 25 31 69 129 80 132 161 91 47 98 139 42 34 
80 92 192 80 56 126 102 10 135 151 113 165 69 104 84 71 82 55 151 35 66 160 136 112 69 109 76 133 180 81 152 77 
133 123 139 151 65 98 101 135 92 69 152 152 112 120 21 162 99 91 125 39 36 102 86 97 150 124 101 80 57 166 64 91 
139 108 60 151 100 126 153 151 69 144 72 66 129 160 52 77 79 76 67 25 69 135 26 72 70 159 111 129 44 61 161 13 
113 33 47 102 49 17 97 113 152 72 136 69 188 119 72 72 108 66 141 30 88 133 94 77 67 171 155 92 84 110 91 157 
87 89 118 86 130 111 72 165 152 66 69 130 38 116 78 135 78 88 182 162 51 150 67 125 139 77 97 27 147 164 34 105 
48 90 130 53 45 115 48 69 112 129 188 38 122 59 57 80 123 58 131 51 143 134 41 100 152 88 130 71 123 78 125 69 
163 130 26 106 157 64 159 104 120 160 119 116 59 30 139 127 57 149 20 133 101 86 51 81 22 117 154 61 99 124 19 91 
61 91 138 79 119 82 34 84 21 52 72 78 57 139 28 86 136 108 97 103 117 96 97 147 134 57 82 121 64 155 41 116 
157 149 147 85 90 141 48 71 162 77 72 135 80 127 86 114 158 94 83 148 99 162 98 118 176 59 30 154 139 106 12 145 
86 131 105 67 134 19 45 82 99 79 108 78 123 57 136 158 172 148 60 180 34 94 192 143 141 114 115 111 164 117 128 112 
78 103 132 103 66 70 37 55 91 76 66 88 58 149 108 94 148 94 68 152 138 97 124 75 131 103 162 111 178 124 107 32 
139 166 120 116 154 116 48 151 125 67 141 182 131 20 97 83 60 68 108 85 120 98 26 81 56 30 105 167 82 92 177 186 
159 174 35 92 131 104 25 35 39 25 30 162 51 133 103 148 180 152 85 16 7 100 104 141 95 199 178 71 167 123 168 156 
117 45 75 92 95 31 31 66 36 69 88 51 143 101 117 99 34 138 120 7 178 101 120 106 98 83 89 42 109 186 106 166 
61 191 81 106 73 112 69 160 102 135 133 150 134 86 96 162 94 97 98 100 101 128 141 157 64 132 42 94 110 80 35 52 
136 32 82 115 129 17 129 136 86 26 94 67 41 51 97 98 192 124 26 104 120 141 178 153 32 55 163 146 107 160 69 189 
133 96 110 116 123 124 80 112 97 72 77 125 100 81 147 118 143 75 81 141 106 157 153 26 82 110 84 127 154 135 119 78 
30 92 112 61 99 59 132 69 150 70 67 139 152 22 134 176 141 131 56 95 98 64 32 82 46 130 97 37 35 100 20 114 
33 169 111 100 80 65 161 109 124 159 171 77 88 117 57 59 114 103 30 199 83 132 55 110 130 142 29 69 105 138 125 94 
103 47 105 54 67 136 91 76 101 111 155 97 130 154 82 30 115 162 105 178 89 42 163 84 97 29 104 173 86 80 182 86 
83 144 116 101 64 112 47 133 80 129 92 27 71 61 121 154 111 111 167 71 42 94 146 127 37 69 173 36 76 33 35 105 
97 39 118 70 59 128 98 180 57 44 84 147 123 99 64 139 164 178 82 167 109 110 107 154 35 105 86 76 178 115 117 126 
29 132 82 82 82 49 139 81 166 61 110 164 78 124 155 106 117 124 92 123 186 80 160 135 100 138 80 33 115 118 54 99 
135 87 78 32 89 73 42 152 64 161 91 34 125 19 41 12 128 107 177 168 106 35 69 119 20 125 182 35 117 54 138 92 
28 105 117 145 104 128 34 77 91 13 157 105 69 91 116 145 112 32 186 156 166 52 189 78 114 94 86 105 126 99 92 154 