8
59 2 5 43 71 75 81 77 
20 28 77 6 5 18 61 27 
34 22 3 99 73 59 63 30 
63 26 35 40 67 24 47 49 
72 37 39 99 66 64 45 14 
99 84 4 50 21 59 46 60 
66 32 65 30 46 93 94 74 
32 71 53 76 15 31 44 26 
144 101 103 106 124 51 78 94 
101 118 123 113 177 37 164 101 
103 123 98 96 84 80 188 22 
106 113 96 4 94 81 174 12 
124 177 84 94 114 71 83 115 
51 37 80 81 71 196 99 96 
78 164 188 174 83 99 62 109 
94 101 22 12 115 96 109 58 