8
9 100 79 94 45 88 34 25 
90 68 82 6 13 68 3 99 
47 72 89 78 73 46 10 38 
67 80 69 99 1 84 41 99 
43 1 24 58 92 96 63 28 
26 29 43 78 39 4 50 37 
97 52 64 55 6 65 87 35 
14 100 98 53 95 90 39 50 
198 104 63 26 125 162 80 138 
104 128 45 86 12 112 146 168 
63 45 50 143 96 93 77 63 
26 86 143 94 154 94 77 107 
125 12 96 154 12 107 153 72 
162 112 93 94 107 140 172 138 
80 146 77 77 153 172 140 95 
138 168 63 107 72 138 95 16 