32 3.9453152897816217 27.91696549478812 286 6152
25 39 42 99 52 12 18 33 71 79 24 6 5 18 28 99 54 92 60 67 74 53 50 45 10 78 97 57 4 21 11 37 
81 4 30 70 93 17 94 47 44 13 38 83 94 21 87 42 6 15 36 7 83 89 78 35 62 95 41 38 100 11 18 9 
72 20 58 31 65 100 46 47 31 57 24 55 45 35 30 9 87 80 65 12 10 49 94 57 25 61 39 77 93 78 21 84 
79 37 76 39 25 13 73 78 87 39 82 2 91 68 40 62 95 100 72 65 38 91 20 59 79 88 6 51 46 10 12 31 
86 2 53 35 76 29 41 77 64 89 11 34 82 47 9 94 66 14 27 7 88 69 72 97 13 68 85 49 55 50 91 100 
54 83 23 33 64 81 1 99 85 49 58 71 3 71 16 68 47 61 58 74 20 99 29 4 96 16 5 76 33 57 10 19 
45 86 51 99 75 100 1 10 69 62 39 32 97 31 20 56 71 24 24 75 95 73 92 63 92 5 49 40 33 11 23 57 
26 15 100 86 52 34 17 16 26 21 4 49 16 35 99 83 44 100 29 99 83 58 38 55 14 88 71 33 79 31 15 55 
54 67 43 71 43 83 17 44 88 17 80 55 73 4 47 6 1 82 88 100 80 12 10 5 33 9 61 88 14 16 71 51 
9 18 22 27 8 11 93 7 9 72 71 88 87 90 99 85 83 78 23 70 39 92 76 52 96 5 6 57 40 46 33 84 
13 19 35 25 95 37 58 68 23 55 49 67 44 39 41 13 93 15 60 51 83 45 35 70 11 70 4 67 9 61 48 65 
80 88 23 42 16 42 78 82 13 55 42 70 45 20 85 35 61 24 22 8 4 46 14 99 69 54 46 93 93 24 62 84 
44 25 48 48 36 22 72 86 89 99 50 31 34 47 18 66 60 22 75 12 3 35 42 46 23 33 35 23 85 13 30 36 
62 70 12 66 36 32 59 46 30 3 57 53 76 52 41 10 28 1 25 73 44 83 42 74 88 6 20 35 17 62 72 52 
46 99 71 21 78 10 34 47 14 87 83 99 59 15 26 87 29 43 58 72 97 79 44 38 53 36 31 50 86 43 97 86 
34 39 96 82 2 72 32 57 35 71 24 82 18 41 17 3 58 28 31 91 70 91 89 77 74 41 61 79 13 13 56 92 
14 88 71 34 9 12 91 78 90 45 96 60 30 38 95 45 55 18 12 100 82 93 23 10 75 76 43 86 93 52 54 45 
17 69 36 89 55 39 24 51 36 90 91 24 5 83 11 95 34 13 78 48 50 76 81 1 61 18 7 15 100 22 41 23 
91 35 22 38 60 16 30 54 43 15 49 43 41 97 70 58 27 49 56 71 5 23 100 3 30 95 41 59 36 16 39 27 
25 12 99 55 57 47 51 81 41 48 97 32 4 97 47 41 34 92 65 15 22 8 97 6 1 72 56 3 46 20 37 94 
23 47 53 28 13 77 33 9 68 34 28 62 86 50 12 98 76 78 54 83 99 20 68 50 61 70 52 68 33 47 1 30 
55 54 74 37 24 72 7 74 84 83 74 64 22 4 81 84 88 33 22 81 68 29 94 39 74 62 54 26 22 24 33 68 
46 22 98 24 15 40 95 16 44 48 99 5 88 15 71 56 67 31 86 30 87 1 4 94 87 37 61 15 90 57 21 61 
4 46 52 75 97 60 80 49 99 99 98 78 21 80 17 89 36 62 7 82 24 50 8 52 90 75 56 97 28 67 1 71 
10 27 42 10 18 4 56 94 78 36 69 37 97 39 19 20 94 6 43 89 72 66 41 48 84 54 1 62 53 39 72 47 
54 13 86 76 84 44 34 1 69 60 12 55 82 3 8 2 87 20 58 57 12 18 46 42 79 49 13 95 58 87 58 87 
92 33 25 2 21 55 13 71 53 74 3 54 69 58 91 15 22 23 5 76 26 59 2 51 49 51 20 14 26 39 96 12 
52 52 45 82 61 78 92 21 96 39 69 44 40 64 89 3 36 79 59 83 76 6 94 97 88 94 67 23 44 78 47 5 
46 15 13 4 65 45 79 6 93 77 47 33 68 51 51 43 4 55 58 64 65 21 36 19 79 35 2 19 53 5 95 93 
44 38 4 59 66 71 72 13 75 83 33 45 33 81 54 14 62 36 16 35 94 6 73 31 91 64 97 4 32 46 32 54 
66 54 2 16 68 56 17 55 95 70 26 87 56 81 74 80 73 56 89 13 91 35 100 71 4 27 29 5 18 64 78 62 
42 35 80 22 59 6 52 56 56 14 75 74 91 30 31 26 60 68 88 98 70 38 82 92 37 70 29 62 98 30 14 6 
0.46801040790767146 0.41386306727614824 0.6950300963595787 0.5041644197206124 0.3530774573682791 0.570806251935911 0.8841609711741056 0.4699455788680456 0.10978021933985949 0.5204598837074027 0.5802301066443696 0.13896176819275263 0.47959859409509203 0.5142020082824441 0.23690590410733187 0.19007709808734202 0.6045539489153817 0.21053291186144818 0.6460722961201957 0.4059149638338555 0.20751480280948925 0.7352012614435677 0.3373516741103554 0.6038834796263814 0.976379113391744 0.5611779924368303 0.7514623176904468 0.688281362665219 0.20656715715454832 0.6398689464670635 0.4482163121316825 0.525809671075681 
0.41386306727614824 0.7749895180189436 0.4791734402973862 0.632502442884225 0.6247289400062452 0.6679964668147699 0.6111945056221744 0.4002987128722253 0.5177959711048132 0.45355741266742267 0.7118460431915464 0.4897674247125721 0.7940094926710451 0.40030991513093644 0.8556213161543507 0.2646995063433965 0.6076950866769695 0.48915382738391433 0.42786487271013973 0.6359062709991672 0.32949862389428636 0.27799444544235213 0.07103161676981534 0.6840024927948726 0.47540723252504014 0.4517679357233348 0.37474246146227147 0.29901560419516643 0.5362330379496065 0.3221619201488689 0.6626655825565473 0.7319966076310874 
0.6950300963595787 0.4791734402973862 0.8380091928712908 0.19772182804939264 0.24733352479169812 0.45723419287860145 0.5175879905791312 0.751317952223947 0.6794623919843706 0.38040339125892825 0.35218679321700497 0.2604947207432238 0.41621904515221503 0.19320306177208418 0.16182615720071936 0.48613246007982586 0.7399684125816834 0.3906609533092585 0.5217375688509043 0.3250168610655513 0.40992431243935057 0.7235308396629959 0.4021537833535985 0.4130298050139081 0.3461231168554432 0.570904536982074 0.23875512900256696 0.47466811500137485 0.454555195396567 0.5160219442438163 0.8339169484746394 0.4909484492841721 
0.5041644197206124 0.632502442884225 0.19772182804939264 0.38841461546621836 0.430032787227706 0.5432386202879234 0.8701419642313847 0.36430783767400027 0.4638826371848808 0.4765857447458648 0.6004849081807384 0.6347445814702212 0.39991811749304884 0.3879682168914219 0.5060140419231887 0.15130912620677628 0.7889272808740149 0.2893816965228191 0.6835311218781037 0.5349196693380162 0.2782794414719886 0.7989280788408674 0.31196437872960986 0.5670920684590864 0.4031096311629001 0.31423495029616194 0.9692560180674421 0.2160454149353664 0.4153566869369786 0.427556753432618 0.43899861426231385 0.5364139946709501 
0.3530774573682791 0.6247289400062452 0.24733352479169812 0.430032787227706 0.5657843457399134 0.49631269606506995 0.31969076088844217 0.579930464486898 0.5630286912139773 0.6232629051793712 0.6048976497188163 0.5773000742911605 0.6277858626225855 0.5253467908181588 0.5697064423621285 0.43100816547498233 0.245857993523309 0.10438250124768378 0.746014593031749 0.19171339347898986 0.1279281931264763 0.42340286276975175 0.2766528283888153 0.43106404440577595 0.7949253870549645 0.482938865137035 0.42437126878119236 0.8203543309727237 0.29164487926027693 0.21490399321623554 0.44618868205722345 0.877652828365386 
0.570806251935911 0.6679964668147699 0.45723419287860145 0.5432386202879234 0.49631269606506995 0.8654307755474367 0.3312273582961835 0.7546599929427966 0.704209517416225 0.5943609941617732 0.425483427315508 0.32678166837937095 0.46186700715815004 0.6818648923716917 0.4518002163854247 0.5394089564342905 0.434694332239072 0.5553164862522302 0.3571454022063904 0.4232675702405325 0.5817235745853435 0.6851065584890155 0.6191389673662975 0.5223783048964468 0.4483796936125814 0.45511985825945606 0.5510003377533725 0.6193524158060832 0.6853962036230632 0.41276918136563173 0.8444088334407085 0.1597152041308036 
0.8841609711741056 0.6111945056221744 0.5175879905791312 0.8701419642313847 0.31969076088844217 0.3312273582961835 0.834480659181214 0.5364963185978487 0.744232078670577 0.7241303700053154 0.5931464821983723 0.6645346203488719 0.6577138243086413 0.5219759929596322 0.4913554856773 0.5273498862235233 0.7079151609056759 0.7712048061007251 0.5868856896228736 0.5085242381710646 0.4910708844177016 0.6299205524533895 0.6270013114282451 0.625108297993621 0.2004767980554245 0.501874629150756 0.6587843100507776 0.7370092907200152 0.5624918707112634 0.40645058234744913 0.447871620738001 0.5478631990492504 
0.4699455788680456 0.4002987128722253 0.751317952223947 0.36430783767400027 0.579930464486898 0.7546599929427966 0.5364963185978487 0.7907249644481434 0.6602807750602888 0.5463281686198119 0.562132234942391 0.7071657787908059 0.49431474564039585 0.2893805654270965 0.7724213218390201 0.25081665063570124 0.17575475003761049 0.4247269428156812 0.4580052220614582 0.48681149682050906 0.4809895578779322 0.6376435185643241 0.5366230167172554 0.6757539220533693 0.6071511742825186 0.2860761447886082 0.25246798076914245 0.10257733684534354 0.5722209898163468 0.5261998045536233 0.5818651125608216 0.35367450542860035 
0.10978021933985949 0.5177959711048132 0.6794623919843706 0.4638826371848808 0.5630286912139773 0.704209517416225 0.744232078670577 0.6602807750602888 0.6657113295364705 0.5838338706990809 0.2747890909837319 0.6287894573369613 0.656339465022985 0.39129102910339264 0.4814032674650761 0.5415204241785603 0.9156266280583555 0.021958629952208764 0.1646664874479159 0.32653677946090265 0.6106439159331136 0.4095909911290335 0.5483660288582328 0.6768373478294651 0.7242433007271214 0.05083839649319055 0.6839542759449604 0.33467801800456204 0.3453160701086739 0.5268432320842003 0.8875042741963592 0.5283385580760772 
0.5204598837074027 0.45355741266742267 0.38040339125892825 0.4765857447458648 0.6232629051793712 0.5943609941617732 0.7241303700053154 0.5463281686198119 0.5838338706990809 0.4286696861977798 0.741694594627505 0.38919741894295856 0.4139706704825136 0.056330418176395 0.4869671530158904 0.5900439546940315 0.5678752584642625 0.7386620742245782 0.5769099886256304 0.5071454756221324 0.6121459961159017 0.2431094955719218 0.6109166500997215 0.6511714150224448 0.668262945715711 0.3590927260937546 0.1610487993272427 0.4554123928853607 0.6778201437681457 0.5497829080917678 0.9055637452212058 0.4517724119175903 
0.5802301066443696 0.7118460431915464 0.35218679321700497 0.6004849081807384 0.6048976497188163 0.425483427315508 0.5931464821983723 0.562132234942391 0.2747890909837319 0.741694594627505 0.07611757378646278 0.7742669334917982 0.5570362804006498 0.5066136553610865 0.503025683961924 0.5650146308927331 0.037899563976796224 0.42686428884468697 0.5138115649535511 0.1816761814010261 0.1398155136225845 0.5822894657682793 0.412231451008957 0.7130073637302079 0.5243723467036173 0.38481325048300435 0.9094113088305298 0.3336138334864893 0.3838411271154426 0.251504191375853 0.3558895508101956 0.12114637318437355 
0.13896176819275263 0.4897674247125721 0.2604947207432238 0.6347445814702212 0.5773000742911605 0.32678166837937095 0.6645346203488719 0.7071657787908059 0.6287894573369613 0.38919741894295856 0.7742669334917982 0.6975721124618618 0.33978265293001386 0.9505954632676613 0.5510346750268228 0.191179549599776 0.627924079727597 0.5104254096275884 0.5249125674316526 0.5053630553054631 0.40762202930666247 0.49907238390498093 0.44027712879691083 0.5788270313075148 0.456067574072161 0.5744878080714783 0.30481401354097315 0.5764256869906856 0.35863468602332715 0.4629707493995284 0.9054737336742925 0.5172291153520518 
0.47959859409509203 0.7940094926710451 0.41621904515221503 0.39991811749304884 0.6277858626225855 0.46186700715815004 0.6577138243086413 0.49431474564039585 0.656339465022985 0.4139706704825136 0.5570362804006498 0.33978265293001386 0.05148177081929595 0.25950274025702 0.3429250753328117 0.5476153255418146 0.5130640547864791 0.4868595506566439 0.538092206049325 0.49212301653463 0.06510100337158864 0.5213219020738862 0.5067473627816207 0.8030725847273137 0.6249701016614508 0.22317411573999785 0.6531051739113775 0.6554103998977577 0.27302267127949315 0.8658154210466722 0.4598619542559912 0.4302470958093285 
0.5142020082824441 0.40030991513093644 0.19320306177208418 0.3879682168914219 0.5253467908181588 0.6818648923716917 0.5219759929596322 0.2893805654270965 0.39129102910339264 0.056330418176395 0.5066136553610865 0.9505954632676613 0.25950274025702 0.54098336636074 0.790900656634324 0.5345125466181619 0.0712562959828359 0.5734570907838432 0.4410268227810402 0.4495193235365937 0.5741002479941002 0.6067294710924 0.5281859812357705 0.37346742817625705 0.7196245913604256 0.27339392374977556 0.5283982892406289 0.28392273681897917 0.6287748842596727 0.6093130173646177 0.5484718396067605 0.5291497372557536 
0.23690590410733187 0.8556213161543507 0.16182615720071936 0.5060140419231887 0.5697064423621285 0.4518002163854247 0.4913554856773 0.7724213218390201 0.4814032674650761 0.4869671530158904 0.503025683961924 0.5510346750268228 0.3429250753328117 0.790900656634324 0.6487749828874202 0.7780152770625696 0.1921066228250286 0.6659668045926501 0.5343319227740271 0.6831437092612073 0.39531438454529316 0.676538570002184 0.24377076924185703 0.1203098914770947 0.7358043372139991 0.2508521502936048 0.586340006061089 0.5861564650228231 0.5301054722052136 0.46042056510753687 0.3474460467165152 0.855224239716363 
0.19007709808734202 0.2646995063433965 0.48613246007982586 0.15130912620677628 0.43100816547498233 0.5394089564342905 0.5273498862235233 0.25081665063570124 0.5415204241785603 0.5900439546940315 0.5650146308927331 0.191179549599776 0.5476153255418146 0.5345125466181619 0.7780152770625696 0.6796038042883984 0.6188302676802283 0.17202824989454546 0.649555163938691 0.1424116777949408 0.5229746942655036 0.6872357824909274 0.5960291689399242 0.3051703227364101 0.4686870723999222 0.49961947619427716 0.13676798396834028 0.43978848293365574 0.852245699051562 0.5264113582958094 0.608253585819378 0.43304904444550735 
0.6045539489153817 0.6076950866769695 0.7399684125816834 0.7889272808740149 0.245857993523309 0.434694332239072 0.7079151609056759 0.17575475003761049 0.9156266280583555 0.5678752584642625 0.037899563976796224 0.627924079727597 0.5130640547864791 0.0712562959828359 0.1921066228250286 0.6188302676802283 0.7958163539154838 0.3504329998563377 0.5951269744753542 0.49500612278824496 0.5864958450491595 0.5876987927733681 0.5951602371992086 0.3184429457227528 0.6817339107760023 0.2969366851580927 0.6175066058903362 0.24123258450300517 0.7352669351317062 0.11811128658039088 0.052102186074781176 0.3349040175830298 
0.21053291186144818 0.48915382738391433 0.3906609533092585 0.2893816965228191 0.10438250124768378 0.5553164862522302 0.7712048061007251 0.4247269428156812 0.021958629952208764 0.7386620742245782 0.42686428884468697 0.5104254096275884 0.4868595506566439 0.5734570907838432 0.6659668045926501 0.17202824989454546 0.3504329998563377 0.4979027032179526 0.37870548188769965 0.8349928513000657 0.6271345324845449 0.8477836383934383 0.36622166354517127 0.4150052343204325 0.5024841420320785 0.5192537835133246 0.6418054776763785 0.5093979403713025 0.8425605388773378 0.6115382900322852 0.5323052795938641 0.6574073807810521 
0.6460722961201957 0.42786487271013973 0.5217375688509043 0.6835311218781037 0.746014593031749 0.3571454022063904 0.5868856896228736 0.4580052220614582 0.1646664874479159 0.5769099886256304 0.5138115649535511 0.5249125674316526 0.538092206049325 0.4410268227810402 0.5343319227740271 0.649555163938691 0.5951269744753542 0.37870548188769965 0.07267277809519634 0.5331654776607218 0.31134523104507333 0.5817916256916125 0.5901620211902572 0.5299033355432818 0.8621106613361291 0.4444572581424496 0.4762656524777296 0.659318936219274 0.28739526735382337 0.4427848893711096 0.35345460756565666 0.39888385419765005 
0.4059149638338555 0.6359062709991672 0.3250168610655513 0.5349196693380162 0.19171339347898986 0.4232675702405325 0.5085242381710646 0.48681149682050906 0.32653677946090265 0.5071454756221324 0.1816761814010261 0.5053630553054631 0.49212301653463 0.4495193235365937 0.6831437092612073 0.1424116777949408 0.49500612278824496 0.8349928513000657 0.5331654776607218 0.9205847547126691 0.7553447221890401 0.7309108966485112 0.3122707643712823 0.1679182923400832 0.30203437781571485 0.6433180353979472 0.5559108991167807 0.8059017784175087 0.5480894297697205 0.5566577988306189 0.8223366776470876 0.25708016072531364 
0.20751480280948925 0.32949862389428636 0.40992431243935057 0.2782794414719886 0.1279281931264763 0.5817235745853435 0.4910708844177016 0.4809895578779322 0.6106439159331136 0.6121459961159017 0.1398155136225845 0.40762202930666247 0.06510100337158864 0.5741002479941002 0.39531438454529316 0.5229746942655036 0.5864958450491595 0.6271345324845449 0.31134523104507333 0.7553447221890401 0.64669272889764 0.4620489746601018 0.762577062334987 0.34482717668133284 0.6400006617511712 0.5912468961896885 0.06261978744543256 0.8105444000030777 0.1876244328413738 0.5053468311289181 0.575354792729823 0.6454829418898265 
0.7352012614435677 0.27799444544235213 0.7235308396629959 0.7989280788408674 0.42340286276975175 0.6851065584890155 0.6299205524533895 0.6376435185643241 0.4095909911290335 0.2431094955719218 0.5822894657682793 0.49907238390498093 0.5213219020738862 0.6067294710924 0.676538570002184 0.6872357824909274 0.5876987927733681 0.8477836383934383 0.5817916256916125 0.7309108966485112 0.4620489746601018 0.553095892352861 0.49968021591864326 0.5769173419555476 0.8342297150399514 0.7006813405349941 0.589203750956701 0.31622511775356205 0.55273236803276 0.9304439587380686 0.1886797696339791 0.6029570750034462 
0.3373516741103554 0.07103161676981534 0.4021537833535985 0.31196437872960986 0.2766528283888153 0.6191389673662975 0.6270013114282451 0.5366230167172554 0.5483660288582328 0.6109166500997215 0.412231451008957 0.44027712879691083 0.5067473627816207 0.5281859812357705 0.24377076924185703 0.5960291689399242 0.5951602371992086 0.36622166354517127 0.5901620211902572 0.3122707643712823 0.762577062334987 0.49968021591864326 0.8876896065826928 0.38260068261773444 0.16940714892830683 0.5532737129549566 0.5330304362926452 0.5462766618381754 0.4772669053755988 0.692584600351537 0.38766686384533844 0.698188162678689 
0.6038834796263814 0.6840024927948726 0.4130298050139081 0.5670920684590864 0.43106404440577595 0.5223783048964468 0.625108297993621 0.6757539220533693 0.6768373478294651 0.6511714150224448 0.7130073637302079 0.5788270313075148 0.8030725847273137 0.37346742817625705 0.1203098914770947 0.3051703227364101 0.3184429457227528 0.4150052343204325 0.5299033355432818 0.1679182923400832 0.34482717668133284 0.5769173419555476 0.38260068261773444 0.010692104202815744 0.45262712408042605 0.28530626268300624 0.2764095666379045 0.4078886294835164 0.5457323567952459 0.5911213342075583 0.2582497564783824 0.14200477034687603 
0.976379113391744 0.47540723252504014 0.3461231168554432 0.4031096311629001 0.7949253870549645 0.4483796936125814 0.2004767980554245 0.6071511742825186 0.7242433007271214 0.668262945715711 0.5243723467036173 0.456067574072161 0.6249701016614508 0.7196245913604256 0.7358043372139991 0.4686870723999222 0.6817339107760023 0.5024841420320785 0.8621106613361291 0.30203437781571485 0.6400006617511712 0.8342297150399514 0.16940714892830683 0.45262712408042605 0.553005773060872 0.7039836398921097 0.2805840262113159 0.30573213236491154 0.5230698390905788 0.3295469376517764 0.24928412135483574 0.44187295765149887 
0.5611779924368303 0.4517679357233348 0.570904536982074 0.31423495029616194 0.482938865137035 0.45511985825945606 0.501874629150756 0.2860761447886082 0.05083839649319055 0.3590927260937546 0.38481325048300435 0.5744878080714783 0.22317411573999785 0.27339392374977556 0.2508521502936048 0.49961947619427716 0.2969366851580927 0.5192537835133246 0.4444572581424496 0.6433180353979472 0.5912468961896885 0.7006813405349941 0.5532737129549566 0.28530626268300624 0.7039836398921097 0.8375580818049925 0.42575431347603165 0.5058906416968636 0.4340045539997397 0.24923874342776237 0.06795812155789599 0.4172499458926827 
0.7514623176904468 0.37474246146227147 0.23875512900256696 0.9692560180674421 0.42437126878119236 0.5510003377533725 0.6587843100507776 0.25246798076914245 0.6839542759449604 0.1610487993272427 0.9094113088305298 0.30481401354097315 0.6531051739113775 0.5283982892406289 0.586340006061089 0.13676798396834028 0.6175066058903362 0.6418054776763785 0.4762656524777296 0.5559108991167807 0.06261978744543256 0.589203750956701 0.5330304362926452 0.2764095666379045 0.2805840262113159 0.42575431347603165 0.3127238968819933 0.4158751904727909 0.25809949562562773 0.4761066566732998 0.32734018197663195 0.41998844519026063 
0.688281362665219 0.29901560419516643 0.47466811500137485 0.2160454149353664 0.8203543309727237 0.6193524158060832 0.7370092907200152 0.10257733684534354 0.33467801800456204 0.4554123928853607 0.3336138334864893 0.5764256869906856 0.6554103998977577 0.28392273681897917 0.5861564650228231 0.43978848293365574 0.24123258450300517 0.5093979403713025 0.659318936219274 0.8059017784175087 0.8105444000030777 0.31622511775356205 0.5462766618381754 0.4078886294835164 0.30573213236491154 0.5058906416968636 0.4158751904727909 0.1924657690170728 0.7747310226326359 0.4651608476244161 0.31563442212269854 0.22035814826580208 
0.20656715715454832 0.5362330379496065 0.454555195396567 0.4153566869369786 0.29164487926027693 0.6853962036230632 0.5624918707112634 0.5722209898163468 0.3453160701086739 0.6778201437681457 0.3838411271154426 0.35863468602332715 0.27302267127949315 0.6287748842596727 0.5301054722052136 0.852245699051562 0.7352669351317062 0.8425605388773378 0.28739526735382337 0.5480894297697205 0.1876244328413738 0.55273236803276 0.4772669053755988 0.5457323567952459 0.5230698390905788 0.4340045539997397 0.25809949562562773 0.7747310226326359 0.6546512208619436 0.594530128084884 0.38040400231256116 0.24467512257941743 
0.6398689464670635 0.3221619201488689 0.5160219442438163 0.427556753432618 0.21490399321623554 0.41276918136563173 0.40645058234744913 0.5261998045536233 0.5268432320842003 0.5497829080917678 0.251504191375853 0.4629707493995284 0.8658154210466722 0.6093130173646177 0.46042056510753687 0.5264113582958094 0.11811128658039088 0.6115382900322852 0.4427848893711096 0.5566577988306189 0.5053468311289181 0.9304439587380686 0.692584600351537 0.5911213342075583 0.3295469376517764 0.24923874342776237 0.4761066566732998 0.4651608476244161 0.594530128084884 0.1701434832674713 0.6469571422855895 0.6854906396189656 
0.4482163121316825 0.6626655825565473 0.8339169484746394 0.43899861426231385 0.44618868205722345 0.8444088334407085 0.447871620738001 0.5818651125608216 0.8875042741963592 0.9055637452212058 0.3558895508101956 0.9054737336742925 0.4598619542559912 0.5484718396067605 0.3474460467165152 0.608253585819378 0.052102186074781176 0.5323052795938641 0.35345460756565666 0.8223366776470876 0.575354792729823 0.1886797696339791 0.38766686384533844 0.2582497564783824 0.24928412135483574 0.06795812155789599 0.32734018197663195 0.31563442212269854 0.38040400231256116 0.6469571422855895 0.49434720755990536 0.8662927088530524 
0.525809671075681 0.7319966076310874 0.4909484492841721 0.5364139946709501 0.877652828365386 0.1597152041308036 0.5478631990492504 0.35367450542860035 0.5283385580760772 0.4517724119175903 0.12114637318437355 0.5172291153520518 0.4302470958093285 0.5291497372557536 0.855224239716363 0.43304904444550735 0.3349040175830298 0.6574073807810521 0.39888385419765005 0.25708016072531364 0.6454829418898265 0.6029570750034462 0.698188162678689 0.14200477034687603 0.44187295765149887 0.4172499458926827 0.41998844519026063 0.22035814826580208 0.24467512257941743 0.6854906396189656 0.8662927088530524 0.9762456215194296 