16
5 45 21 73 35 64 34 74 1 54 30 34 73 13 94 10 
78 88 3 43 28 100 66 12 45 100 48 34 24 70 3 80 
71 84 49 51 95 25 70 53 97 95 64 61 10 46 54 70 
11 53 7 84 18 22 19 19 39 32 70 36 97 19 21 40 
33 1 78 98 20 65 2 33 8 45 84 23 16 32 11 44 
64 64 70 93 86 52 7 63 22 22 60 14 14 79 30 91 
28 37 96 59 34 89 13 47 65 18 12 44 74 49 69 7 
92 94 78 91 52 59 69 57 3 87 55 65 6 67 83 50 
94 53 62 98 71 65 22 6 94 6 86 53 43 78 1 19 
16 56 94 4 34 15 7 46 6 36 25 92 2 9 3 48 
23 19 83 51 36 50 83 25 75 8 29 8 68 55 27 58 
36 86 59 88 65 19 41 6 42 53 55 5 90 13 89 100 
66 42 70 5 26 77 3 58 20 95 91 17 41 87 71 96 
17 81 13 37 40 100 78 50 45 97 47 44 35 18 62 65 
79 14 86 91 48 90 59 59 15 88 89 77 34 41 5 9 
54 39 91 96 95 72 90 37 22 39 24 91 65 40 12 43 
40 61 117 74 119 147 102 121 155 93 101 56 144 123 45 57 
61 154 88 77 136 86 89 154 112 85 101 51 119 88 82 154 
117 88 172 173 90 103 123 137 36 59 61 20 164 104 143 72 
74 77 173 190 142 107 29 14 119 93 102 137 82 84 79 43 
119 136 90 142 186 102 35 21 142 90 84 166 116 105 149 91 
147 86 103 107 102 16 92 141 47 167 130 123 153 92 98 82 
102 89 123 29 35 92 164 184 120 151 49 98 57 139 101 150 
121 154 137 14 21 141 184 128 34 94 128 161 57 111 101 164 
155 112 36 119 142 47 120 34 82 37 108 56 143 74 100 40 
93 85 59 93 90 167 151 94 37 152 86 131 107 53 84 66 
101 101 61 102 84 130 49 128 108 86 52 58 116 107 193 94 
56 51 20 137 166 123 98 161 56 131 58 70 25 132 40 89 
144 119 164 82 116 153 57 57 143 107 116 25 48 126 121 95 
123 88 104 84 105 92 139 111 74 53 107 132 126 200 60 168 
45 82 143 79 149 98 101 101 100 84 193 40 121 60 120 75 
57 154 72 43 91 82 150 164 40 66 94 89 95 168 75 76 