16
90 69 24 21 2 58 73 75 79 73 16 5 24 56 68 34 
42 74 48 36 1 8 7 98 18 24 14 90 65 19 13 28 
2 51 92 98 71 20 7 44 95 12 41 61 81 32 40 76 
31 5 44 32 78 13 53 14 29 47 30 93 58 52 41 60 
66 86 6 60 29 71 58 26 24 25 26 69 55 86 41 67 
15 53 25 77 67 56 14 77 10 72 25 17 96 24 41 16 
46 18 82 66 15 8 82 69 19 61 10 99 63 29 51 13 
16 78 57 44 79 19 46 6 86 59 50 58 16 45 63 67 
40 51 39 54 30 100 51 27 47 85 37 78 80 75 90 41 
29 70 19 52 15 58 69 50 39 9 98 93 80 90 79 64 
23 35 93 31 57 97 58 22 60 96 64 88 88 19 88 44 
32 33 86 93 74 65 61 9 32 16 5 97 3 99 48 63 
98 91 44 3 52 67 33 23 100 80 66 37 2 69 45 95 
27 9 69 18 81 44 92 38 66 21 83 40 14 53 95 5 
44 68 60 61 88 93 31 1 17 78 86 24 28 6 95 69 
9 20 2 36 8 29 89 39 95 51 50 67 49 49 82 36 
188 87 45 93 99 87 23 101 115 63 77 114 49 103 147 195 
87 146 43 89 81 69 94 115 98 151 69 76 57 122 112 178 
45 43 184 142 104 171 174 76 105 162 92 118 175 68 45 147 
93 89 142 136 54 126 119 33 42 126 113 131 96 107 112 148 
99 81 104 54 24 130 55 87 79 85 108 61 16 22 96 30 
87 69 171 126 130 2 161 11 59 114 146 185 66 68 138 12 
23 94 174 119 55 161 20 124 87 121 83 143 148 114 183 140 
101 115 76 33 87 11 124 132 54 104 70 59 76 146 108 94 
115 98 105 42 79 59 87 54 56 77 194 162 76 146 100 56 
63 151 162 126 85 114 121 104 77 94 179 127 105 75 76 100 
77 69 92 113 108 146 83 70 194 179 154 126 7 33 176 40 
114 76 118 131 61 185 143 59 162 127 126 14 88 101 129 171 
49 57 175 96 16 66 148 76 76 105 7 88 44 159 176 111 
103 122 68 107 22 68 114 146 146 75 33 101 159 152 65 178 
147 112 45 112 96 138 183 108 100 76 176 129 176 65 8 61 
195 178 147 148 30 12 140 94 56 100 40 171 111 178 61 66 