16 3.2060594160563527 13.38807633956812 354 2966
88 79 22 34 28 72 14 31 35 46 56 96 43 20 41 12 
16 42 85 56 99 100 14 48 36 56 44 65 3 47 35 51 
95 56 60 56 22 8 47 12 14 89 94 34 12 14 53 46 
33 63 86 31 57 89 53 91 45 89 51 54 33 35 51 72 
53 80 97 42 79 72 58 41 81 76 94 13 12 11 48 19 
55 26 87 90 11 79 73 9 12 96 95 6 46 70 66 5 
34 52 53 33 89 100 38 89 30 22 17 29 20 6 61 24 
98 93 27 2 5 93 47 72 37 49 41 97 28 12 20 85 
3 17 34 34 48 98 74 57 39 12 35 61 71 24 84 62 
83 85 43 35 4 93 99 35 92 12 8 83 5 71 37 23 
48 66 16 49 52 10 100 46 45 81 32 96 46 22 9 35 
27 15 86 48 24 89 36 91 93 77 97 88 74 63 83 17 
73 28 86 65 81 86 19 89 20 42 94 26 88 35 8 42 
30 85 99 6 45 13 3 73 44 40 17 96 45 8 91 52 
13 32 48 51 68 31 69 96 81 56 95 57 99 30 85 33 
54 97 44 21 24 9 98 49 69 12 14 3 64 2 53 49 
0.9301115002055025 0.2733927456545792 0.33063275173235795 0.3755513147517033 0.5197090833404271 0.5882581067967465 0.4656602408335793 0.8642986128375139 0.5366507790510784 0.29919801949208696 0.855332354894671 0.20218365939945365 0.8084041870821269 0.6886443588756056 0.8615855547745921 0.49629269604632675 
0.2733927456545792 0.7271555139893597 0.5354390344247406 0.4131580925636197 0.4812496116585114 0.16995530317993018 0.6382803496104443 0.4600081700895663 0.49804197655227633 0.4242744998060557 0.8728520321586934 0.08677269971143875 0.7188606182580146 0.25148805665942797 0.12412666623409824 0.6678890266815829 
0.33063275173235795 0.5354390344247406 0.8778078193171355 0.5979331812700344 0.43661129128073806 0.6872024964857908 0.38262373568901903 0.10968809307510541 0.4856295719725489 0.6842504428225691 0.14660050569540878 0.8012123119018921 0.4038821236607019 0.3841298958175492 0.1874124795933949 0.2349086152949617 
0.3755513147517033 0.4131580925636197 0.5979331812700344 0.9679391786728002 0.9221358700142106 0.44524708949204106 0.7756665488345729 0.6206545186370178 0.27752319511755946 0.4984539318076821 0.5860877105123655 0.891219629526986 0.3595039922328271 0.8639909062920985 0.6966037127888953 0.12893687477412547 
0.5197090833404271 0.4812496116585114 0.43661129128073806 0.9221358700142106 0.3823787506846519 0.4263829685254383 0.640519441619316 0.1733488213657689 0.5526425823661627 0.621356137921165 0.7501214837374786 0.5342090778822386 0.8979891997401896 0.5068738712069141 0.7874910136181088 0.37802616091291263 
0.5882581067967465 0.16995530317993018 0.6872024964857908 0.44524708949204106 0.4263829685254383 0.3725145824065357 0.3657187715385105 0.677780553608949 0.3630008404473869 0.6193195188005771 0.6258743547369499 0.6806161267521772 0.6892605446537909 0.2725251348054398 0.3860068657501165 0.2624606386999908 
0.4656602408335793 0.6382803496104443 0.38262373568901903 0.7756665488345729 0.640519441619316 0.3657187715385105 0.4652988950708421 0.8374962565636773 0.5297003641595688 0.19858302163974179 0.6396124087266164 0.6018023973667661 0.5192342119652374 0.41013242442130804 0.7807743251138375 0.7115290716699392 
0.8642986128375139 0.4600081700895663 0.10968809307510541 0.6206545186370178 0.1733488213657689 0.677780553608949 0.8374962565636773 0.9855615350651463 0.40328450866907584 0.5894169974119112 0.7291873776989866 0.19189102286935228 0.6295070291847922 0.1258945960789693 0.44364936967844143 0.7343260033488583 
0.5366507790510784 0.49804197655227633 0.4856295719725489 0.27752319511755946 0.5526425823661627 0.3630008404473869 0.5297003641595688 0.40328450866907584 0.8533638081574585 0.3399164253961116 0.4165807550235715 0.40544098239024 0.3946315411723374 0.9078584859219418 0.7594709709323275 0.438817227582975 
0.29919801949208696 0.4242744998060557 0.6842504428225691 0.4984539318076821 0.621356137921165 0.6193195188005771 0.19858302163974179 0.5894169974119112 0.3399164253961116 0.5231061850434232 0.35892659358503143 0.4603721811513814 0.6592944004777521 0.6405321585700698 0.14052255519648527 0.15813224536439102 
0.855332354894671 0.8728520321586934 0.14660050569540878 0.5860877105123655 0.7501214837374786 0.6258743547369499 0.6396124087266164 0.7291873776989866 0.4165807550235715 0.35892659358503143 0.3348539947923055 0.5993922097119968 0.1422470682469571 0.6855511128990972 0.6257546616790041 0.24422742071195574 
0.20218365939945365 0.08677269971143875 0.8012123119018921 0.891219629526986 0.5342090778822386 0.6806161267521772 0.6018023973667661 0.19189102286935228 0.40544098239024 0.4603721811513814 0.5993922097119968 0.38663927239395823 0.7818207800439525 0.7636837271475057 0.5553479403037027 0.6915153298293015 
0.8084041870821269 0.7188606182580146 0.4038821236607019 0.3595039922328271 0.8979891997401896 0.6892605446537909 0.5192342119652374 0.6295070291847922 0.3946315411723374 0.6592944004777521 0.1422470682469571 0.7818207800439525 0.2921864102747259 0.31096023186073374 0.7779524888235756 0.6262738772725713 
0.6886443588756056 0.25148805665942797 0.3841298958175492 0.8639909062920985 0.5068738712069141 0.2725251348054398 0.41013242442130804 0.1258945960789693 0.9078584859219418 0.6405321585700698 0.6855511128990972 0.7636837271475057 0.31096023186073374 0.7771115355369589 0.5919214460028162 0.2705608609590856 
0.8615855547745921 0.12412666623409824 0.1874124795933949 0.6966037127888953 0.7874910136181088 0.3860068657501165 0.7807743251138375 0.44364936967844143 0.7594709709323275 0.14052255519648527 0.6257546616790041 0.5553479403037027 0.7779524888235756 0.5919214460028162 0.610160117615832 0.2285905473153806 
0.49629269604632675 0.6678890266815829 0.2349086152949617 0.12893687477412547 0.37802616091291263 0.2624606386999908 0.7115290716699392 0.7343260033488583 0.438817227582975 0.15813224536439102 0.24422742071195574 0.6915153298293015 0.6262738772725713 0.2705608609590856 0.2285905473153806 0.4313548902341282 