8
42 67 7 23 67 49 44 32 
37 23 21 19 36 68 55 40 
13 73 12 98 62 26 29 36 
24 56 60 21 99 44 46 22 
6 20 41 14 36 25 72 10 
31 74 37 14 6 37 48 97 
14 70 53 60 77 15 5 23 
97 39 18 92 57 39 50 17 
170 147 31 179 108 76 29 115 
147 76 13 128 81 106 120 94 
31 13 74 160 130 87 136 127 
179 128 160 122 167 106 39 89 
108 81 130 167 168 109 110 88 
76 106 87 106 109 102 122 44 
29 120 136 39 110 122 66 97 
115 94 127 89 88 44 97 6 