32
9 55 75 55 24 88 63 70 94 70 6 95 15 94 40 27 49 16 74 7 20 3 38 88 42 82 97 25 66 79 37 15 
61 89 76 81 79 13 38 20 37 54 39 33 38 76 35 89 18 69 87 70 11 39 42 27 59 44 66 71 38 32 86 74 
36 43 55 80 9 42 68 84 24 55 12 95 29 95 15 27 28 93 34 26 29 11 20 9 22 100 63 71 78 32 63 84 
8 45 19 48 24 35 26 89 65 51 15 33 79 58 59 5 42 57 87 95 84 35 63 59 28 79 7 23 5 22 76 22 
53 84 67 38 39 56 44 52 33 67 32 30 23 28 49 32 82 31 5 95 29 28 32 24 23 60 29 8 20 97 82 68 
58 30 15 14 30 69 73 23 10 55 59 100 55 20 79 78 51 48 30 26 3 59 26 55 99 28 27 12 75 5 34 19 
28 16 55 96 22 30 42 63 35 39 89 42 78 34 39 48 43 4 40 46 89 31 54 52 47 24 43 46 28 62 90 82 
34 11 15 44 4 3 87 15 42 88 74 4 55 82 34 70 81 69 47 56 9 95 87 63 54 17 45 87 37 99 44 66 
50 43 58 73 74 4 99 3 34 29 20 86 19 14 85 100 83 52 62 15 20 67 86 62 2 50 61 81 15 67 91 14 
75 7 32 36 14 6 93 53 11 73 1 7 100 2 97 5 1 71 49 11 47 2 31 16 92 41 34 80 44 43 75 72 
40 10 54 50 7 8 46 80 18 76 34 4 80 86 36 8 48 15 46 58 48 36 82 1 2 13 60 38 14 79 48 42 
35 91 13 77 58 24 61 94 98 4 11 75 11 45 16 68 4 100 51 99 68 51 83 55 51 10 84 22 62 80 38 98 
42 48 79 86 58 8 42 2 6 67 24 43 48 69 76 85 86 39 34 40 42 11 47 76 44 37 43 29 48 92 50 34 
37 95 24 17 66 46 84 83 28 57 83 33 9 54 2 72 64 98 17 60 22 8 71 22 36 3 62 32 28 51 29 12 
48 95 56 4 56 39 38 79 96 91 96 92 15 55 45 29 40 67 57 6 98 39 78 77 44 79 56 29 8 47 48 44 
48 11 75 19 15 78 96 84 20 53 59 79 19 23 82 76 21 27 75 64 85 37 67 19 3 43 62 39 61 60 48 97 
13 9 20 8 100 49 85 28 84 14 100 50 5 41 7 6 80 61 89 85 82 2 100 46 96 98 66 49 54 18 38 70 
23 10 86 4 62 47 5 37 92 15 60 99 78 62 66 54 5 13 64 29 87 92 46 10 3 70 49 83 30 27 66 52 
29 48 50 37 61 34 63 54 38 84 82 79 43 21 77 71 23 86 37 92 67 40 71 69 33 29 11 100 47 10 69 95 
86 80 49 12 84 62 64 63 98 47 70 92 32 15 73 91 62 26 60 11 83 15 32 80 45 16 45 5 44 34 46 76 
43 80 92 66 72 29 27 6 18 28 97 12 45 34 94 61 64 5 62 68 77 86 89 42 31 32 66 86 67 97 94 7 
6 9 95 76 8 97 56 40 26 25 87 66 42 95 77 16 30 82 34 20 52 43 80 13 99 47 43 30 76 53 80 31 
26 40 18 46 28 72 73 40 76 61 94 16 79 13 72 23 14 23 92 29 74 55 38 12 53 38 61 20 11 86 85 64 
7 29 50 96 85 92 23 1 11 21 59 13 37 39 42 34 54 31 40 41 12 72 19 62 77 84 56 5 28 95 55 19 
66 21 39 66 13 68 61 72 49 39 53 98 61 67 96 86 5 28 97 19 30 38 83 29 58 93 43 28 82 32 53 25 
23 4 85 98 17 50 98 88 83 51 22 73 59 46 80 75 29 41 93 75 12 73 14 79 85 2 99 67 23 3 80 59 
39 88 57 55 47 66 2 52 77 96 67 72 9 80 8 13 90 55 29 3 84 57 85 86 66 14 64 99 22 92 63 38 
3 90 22 51 67 20 73 88 21 10 81 24 90 97 88 73 11 1 13 38 35 41 28 77 76 81 18 75 59 85 69 36 
98 3 8 66 9 80 49 44 1 68 47 99 17 81 99 58 64 86 67 46 67 78 10 88 82 86 9 83 38 25 85 13 
72 49 5 58 90 12 72 62 10 100 91 67 78 25 79 94 97 3 62 63 55 7 2 50 68 27 78 62 51 43 9 84 
5 25 88 75 79 63 19 9 56 60 86 8 38 33 60 86 80 54 32 75 21 42 71 44 70 11 95 11 96 26 65 59 
65 34 57 80 67 58 47 95 7 54 72 3 26 58 34 88 57 77 100 58 27 3 22 84 30 8 49 69 86 25 24 20 
44 120 149 75 10 78 101 90 50 104 109 140 42 84 73 154 123 62 86 138 124 89 128 144 87 51 88 93 155 101 71 111 
120 106 163 99 172 117 142 155 132 161 106 93 116 60 126 10 146 59 88 55 75 99 122 87 114 68 97 150 77 114 133 136 
149 163 112 84 122 51 130 143 85 124 97 113 109 105 145 102 176 138 58 165 190 49 109 53 64 32 81 57 140 33 117 84 
75 99 84 120 178 101 136 54 62 93 45 25 59 176 130 35 106 144 62 123 103 79 100 159 57 105 174 109 33 67 32 75 
10 172 122 178 72 155 101 162 127 136 85 67 160 137 79 62 156 59 84 120 125 112 140 50 137 125 190 63 152 94 90 32 
78 117 51 101 155 14 156 95 37 195 77 100 89 124 56 175 43 99 131 92 60 110 108 115 138 49 129 161 85 48 150 44 
101 142 130 136 101 156 112 74 87 146 8 86 43 186 145 102 143 182 95 151 51 117 124 120 100 46 91 187 153 135 77 79 
90 155 143 54 162 95 74 160 82 145 68 135 17 48 111 94 70 169 133 155 18 99 20 88 105 187 95 136 171 39 176 102 
50 132 85 62 127 37 87 82 14 91 70 79 126 88 109 56 113 48 134 89 120 101 90 91 147 14 74 95 102 152 37 87 
104 161 124 93 136 195 146 145 91 42 185 79 176 145 178 103 44 111 70 167 85 65 159 124 161 101 100 132 105 105 57 131 
109 106 97 45 85 77 8 68 70 185 166 154 149 52 175 95 100 97 169 106 122 122 163 124 118 152 31 102 37 110 151 157 
140 93 113 25 67 100 86 135 79 79 154 48 88 123 101 132 83 90 79 60 101 113 194 94 96 91 183 21 85 86 73 81 
42 116 109 59 160 89 43 17 126 176 149 88 160 24 119 167 149 153 156 48 166 147 134 163 31 163 139 157 173 85 112 96 
84 60 105 176 137 124 186 48 88 145 52 123 24 78 165 25 119 117 184 126 65 121 96 173 86 109 57 49 80 69 14 138 
73 126 145 130 79 56 145 111 109 178 175 101 119 165 176 158 158 182 94 99 52 96 168 122 144 164 112 95 36 108 99 118 
154 10 102 35 62 175 102 94 56 103 95 132 167 25 158 30 57 122 29 120 170 49 110 95 154 76 82 25 94 113 131 152 
123 146 176 106 156 43 143 70 113 44 100 83 149 119 158 57 110 77 143 126 81 64 114 98 142 114 51 52 67 125 16 152 
62 59 138 144 59 99 182 169 48 111 97 90 153 117 182 122 77 150 136 90 182 49 92 172 113 25 141 46 82 137 103 152 
86 88 58 62 84 131 95 133 134 70 169 79 156 184 94 29 143 136 48 182 80 179 148 78 19 63 58 84 110 100 29 89 
138 55 165 123 120 92 151 155 89 167 106 60 48 126 99 120 126 90 182 60 155 84 121 118 171 157 96 86 138 72 147 90 
124 75 190 103 125 60 51 18 120 85 122 101 166 65 52 170 81 182 80 155 42 102 34 23 93 60 33 76 126 95 89 78 
89 99 49 79 112 110 117 99 101 65 122 113 147 121 96 49 64 49 179 84 102 138 81 182 75 147 37 147 156 102 80 141 
128 122 109 100 140 108 124 20 90 159 163 194 134 96 168 110 114 92 148 121 34 81 136 106 35 51 52 127 38 54 75 143 
144 87 53 159 50 115 120 88 91 124 124 94 163 173 122 95 98 172 78 118 23 182 106 112 149 79 149 57 99 124 41 97 
87 114 64 57 137 138 100 105 147 161 118 96 31 86 144 154 142 113 19 171 93 75 35 149 148 9 92 141 65 101 132 70 
51 68 32 105 125 49 46 187 14 101 152 91 163 109 164 76 114 25 63 157 60 147 51 79 9 64 126 85 89 113 145 76 
88 97 81 174 190 129 91 95 74 100 31 183 139 57 112 82 51 141 58 96 33 37 52 149 92 126 130 109 45 75 32 67 
93 150 57 109 63 161 187 136 95 132 102 21 157 49 95 25 52 46 84 86 76 147 127 57 141 85 109 82 112 95 156 98 
155 77 140 33 152 85 153 171 102 105 37 85 173 80 36 94 67 82 110 138 126 156 38 99 65 89 45 112 18 156 122 76 
101 114 33 67 94 48 135 39 152 105 110 86 85 69 108 113 125 137 100 72 95 102 54 124 101 113 75 95 156 176 158 62 
71 133 117 32 90 150 77 176 37 57 151 73 112 14 99 131 16 103 29 147 89 80 75 41 132 145 32 156 122 158 140 112 
111 136 84 75 32 44 79 102 87 131 157 81 96 138 118 152 152 152 89 90 78 141 143 97 70 76 67 98 76 62 112 2 