16
96 28 85 95 15 52 89 32 98 96 14 32 16 40 25 76 
11 90 31 43 90 58 92 19 90 87 72 7 17 50 89 96 
36 1 73 6 26 45 28 98 30 24 39 83 72 50 68 58 
95 14 3 45 79 36 71 15 4 20 5 28 31 65 20 12 
66 43 54 8 38 25 95 18 13 73 52 53 44 52 19 73 
54 51 98 7 17 81 90 87 17 99 34 13 50 71 27 86 
48 85 72 58 59 30 97 49 12 20 45 18 74 80 19 100 
47 3 59 21 65 55 34 65 50 72 28 24 54 80 23 34 
5 7 80 40 61 49 9 55 40 2 36 65 63 87 50 68 
95 29 36 34 100 23 60 97 74 30 90 35 27 20 39 36 
24 20 75 49 67 52 59 67 60 20 76 83 95 95 61 30 
62 27 59 96 56 13 99 75 78 65 75 74 26 12 38 96 
20 81 24 87 13 8 78 31 96 85 67 56 68 37 93 39 
24 38 100 78 1 43 10 21 81 84 84 45 45 74 80 88 
8 18 73 6 81 76 79 92 20 69 30 87 38 8 5 98 
92 95 22 72 25 33 43 36 67 28 11 78 34 62 33 45 
158 82 56 123 108 197 71 73 131 93 85 74 70 168 46 34 
82 108 105 58 107 95 62 130 150 38 99 167 159 117 165 121 
56 105 128 108 77 97 179 122 140 123 40 92 84 106 156 40 
123 58 108 62 90 136 102 100 99 81 70 45 77 71 49 46 
108 107 77 90 42 30 147 63 106 93 134 40 56 84 55 65 
197 95 97 136 30 82 102 30 103 36 149 88 136 146 129 96 
71 62 179 102 147 102 100 103 145 75 55 43 98 75 142 89 
73 130 122 100 63 30 103 96 127 95 93 115 74 132 154 114 
131 150 140 99 106 103 145 127 44 117 87 166 71 83 70 62 
93 38 123 81 93 36 75 95 117 32 95 95 105 49 20 118 
85 99 40 70 134 149 55 93 87 95 110 112 22 133 60 149 
74 167 92 45 40 88 43 115 166 95 112 116 37 35 105 24 
70 159 84 77 56 136 98 74 71 105 22 37 186 38 127 88 
168 117 106 71 84 146 75 132 83 49 133 35 38 138 139 40 
46 165 156 49 55 129 142 154 70 20 60 105 127 139 184 138 
34 121 40 46 65 96 89 114 62 118 149 24 88 40 138 128 