8
63 20 61 81 64 1 76 62 
44 2 63 67 55 66 67 16 
25 51 75 4 14 30 30 78 
6 62 5 75 51 13 93 42 
10 69 91 2 46 32 8 43 
71 51 62 39 21 76 46 11 
60 80 63 6 86 58 3 89 
82 86 26 31 94 29 84 27 
92 85 131 14 33 95 49 142 
85 48 118 180 98 96 115 135 
131 118 124 84 176 86 170 40 
14 180 84 138 144 149 51 162 
33 98 176 144 84 166 63 168 
95 96 86 149 166 172 95 147 
49 115 170 51 63 95 98 101 
142 135 40 162 168 147 101 20 