8
89 13 31 25 39 40 39 29 
98 9 74 39 40 96 74 32 
76 21 91 59 94 16 1 50 
23 6 21 19 73 97 18 26 
11 72 21 8 97 61 62 100 
21 63 42 93 55 57 46 89 
64 37 29 28 56 88 52 88 
67 23 15 49 70 74 6 14 
126 187 169 62 124 136 106 158 
187 102 94 59 92 159 102 178 
169 94 186 79 155 152 64 67 
62 59 79 20 112 168 114 64 
124 92 155 112 44 123 45 73 
136 159 152 168 123 188 112 20 
106 102 64 114 45 112 168 50 
158 178 67 64 73 20 50 2 