8 2.006908357798294 6.558061309711745 242 1398
33 5 28 15 19 99 47 93 
4 48 47 45 97 100 30 99 
72 51 31 98 45 55 74 76 
7 28 93 74 14 100 24 84 
37 47 69 71 34 11 45 37 
93 85 31 46 6 22 49 24 
90 49 7 25 70 14 22 74 
9 21 2 10 57 4 58 90 
0.027535231502332502 0.27084278464756456 0.7226845523008136 0.39114409435577246 0.48382870683994567 0.4589618916221427 0.5385577497326068 0.5156160744476284 
0.27084278464756456 0.6114240705353623 0.3491791277176475 0.48868373244034263 0.523185102559393 0.24274820893855248 0.6369537414705155 0.19559611932495502 
0.7226845523008136 0.3491791277176475 0.6264233454917919 0.44071549642261354 0.6285623327917018 0.2295724254523448 0.533467471822096 0.3123143836056224 
0.39114409435577246 0.48868373244034263 0.44071549642261354 0.8516212121752176 0.38941164745439466 0.6270622811993829 0.5507588290573486 0.13885762381346356 
0.48382870683994567 0.523185102559393 0.6285623327917018 0.38941164745439466 0.1804877398529139 0.8754716712676438 0.7300995048159847 0.2299134584942667 
0.4589618916221427 0.24274820893855248 0.2295724254523448 0.6270622811993829 0.8754716712676438 0.061595829749720776 0.791731479386084 0.25233444137355504 
0.5385577497326068 0.6369537414705155 0.533467471822096 0.5507588290573486 0.7300995048159847 0.791731479386084 0.9539935738739437 0.3493148483872195 
0.5156160744476284 0.19559611932495502 0.3123143836056224 0.13885762381346356 0.2299134584942667 0.25233444137355504 0.3493148483872195 0.9447100059903067 