32 3.9366840209520744 28.29420936309447 370 6098
7 26 89 20 92 5 47 65 59 78 64 68 73 80 62 67 68 29 99 88 52 41 6 96 74 92 92 1 55 64 28 14 
5 48 94 46 57 21 72 100 2 49 51 26 94 38 60 34 10 96 94 7 87 20 6 93 25 87 80 100 80 67 30 16 
74 62 66 34 48 16 92 14 50 29 39 18 32 57 14 87 5 53 31 89 59 50 13 3 60 59 12 9 35 56 82 6 
52 90 71 33 90 17 87 31 39 39 83 42 32 20 64 85 82 58 66 95 2 38 9 21 75 51 50 49 68 99 97 44 
22 63 44 34 16 39 56 18 69 99 26 25 78 22 20 66 33 53 57 18 9 87 28 85 4 17 53 47 43 22 8 2 
94 96 13 26 93 26 54 85 100 91 19 23 39 98 20 48 60 97 69 68 20 73 19 51 37 90 36 7 54 10 73 80 
96 34 56 14 28 27 66 40 73 77 75 41 86 19 65 10 30 67 87 55 92 31 65 69 72 52 12 100 83 78 13 34 
79 28 7 4 96 79 29 11 50 37 56 82 66 96 55 21 4 3 41 83 90 48 93 24 42 73 87 74 3 51 41 23 
64 38 69 49 49 58 93 98 7 92 46 4 58 82 37 71 21 75 48 32 7 63 38 17 44 59 11 51 67 68 53 82 
70 15 3 50 87 25 85 47 78 19 58 60 66 86 24 82 96 95 93 54 70 13 27 3 65 80 9 95 40 91 37 10 
76 98 10 38 62 30 8 17 55 66 20 40 42 41 59 8 15 66 17 68 77 57 57 62 97 23 51 41 14 24 61 85 
73 65 22 4 19 30 73 18 1 54 49 36 60 76 14 41 100 57 77 42 79 93 94 23 67 6 83 46 11 47 63 66 
37 43 96 4 86 16 74 43 74 14 18 44 92 63 9 11 8 47 51 55 58 6 27 44 89 80 25 7 98 61 26 60 
81 29 37 37 63 48 74 97 64 94 34 30 19 30 14 72 61 60 15 73 16 75 15 18 13 26 84 45 84 87 17 57 
50 92 7 61 36 39 38 97 74 26 45 27 60 92 13 51 69 91 15 97 70 15 92 1 71 55 88 61 29 41 89 32 
44 63 67 54 52 11 2 87 95 20 14 12 56 92 13 50 41 31 77 20 26 16 94 74 62 11 89 3 18 4 29 75 
48 65 64 68 19 41 95 23 72 4 76 89 1 44 65 36 9 10 100 39 64 74 59 35 96 93 20 42 20 2 24 40 
25 47 65 35 49 47 90 33 77 28 67 76 9 8 16 56 86 29 50 38 94 96 7 9 79 26 88 58 82 58 75 86 
35 33 16 52 20 10 43 31 54 45 37 66 36 72 36 7 16 54 72 6 14 79 25 14 30 23 75 29 67 74 88 57 
23 29 59 93 76 87 84 80 16 69 21 27 94 56 56 25 68 71 54 62 23 20 73 13 82 2 57 3 65 79 33 10 
72 33 89 69 86 65 53 44 32 87 20 50 43 60 22 93 89 65 54 69 18 8 70 55 75 67 86 63 95 100 80 32 
26 97 73 40 70 22 66 67 78 89 81 58 91 13 96 98 51 35 18 9 30 79 8 75 15 65 56 41 36 33 24 79 
69 63 38 62 26 30 68 99 62 19 67 57 73 36 74 16 58 53 76 99 24 58 60 22 72 18 71 93 37 34 7 48 
58 8 62 41 81 85 7 5 51 84 33 42 49 85 3 87 81 29 99 52 66 66 21 24 38 49 86 81 55 44 62 49 
10 91 66 31 41 25 45 48 76 84 96 37 69 43 46 68 81 71 19 51 33 36 93 91 43 96 83 7 20 24 40 50 
88 10 19 100 36 11 87 91 38 17 46 76 80 73 49 27 7 90 16 94 23 26 36 30 28 5 99 67 73 60 26 53 
42 44 3 17 86 10 24 44 90 74 18 67 99 56 32 57 39 5 87 97 45 32 3 91 73 24 14 61 8 79 70 20 
48 17 95 100 41 33 44 58 100 95 36 52 69 33 35 77 58 70 9 15 43 51 38 60 91 60 74 74 6 37 79 50 
63 37 31 25 20 54 4 54 37 91 4 55 26 9 89 46 90 60 45 18 33 63 54 9 79 78 93 3 4 85 27 37 
98 5 88 34 77 72 88 25 76 12 16 37 73 94 8 20 84 56 25 20 74 92 56 66 34 4 32 97 51 3 40 65 
35 100 11 94 19 90 59 9 7 33 63 24 17 67 17 28 12 94 86 94 74 55 82 18 32 73 3 25 1 1 18 65 
2 62 79 29 91 62 20 88 100 22 35 42 2 70 95 33 33 90 52 53 65 78 70 9 1 43 9 67 83 74 7 28 
0.2810510757987883 0.269453578868001 0.694720242675263 0.578767474195744 0.6011789630251135 0.6127591821530995 0.7595803992728355 0.18532439544920287 0.6247034634238737 0.340776407078597 0.9203095220881718 0.44890636524706257 0.43082180806717113 0.16829580860224713 0.529712145873203 0.6874376471483111 0.10061826796883366 0.22697074797294575 0.7716240288715803 0.14731147835123054 0.2989612096256794 0.7280580468325117 0.48560651285690026 0.6186457849528362 0.5422754326033647 0.8451523124604341 0.455990319922201 0.5271102158122849 0.4193123958243671 0.43212806488246885 0.4944941954146097 0.6109825166228431 
0.269453578868001 0.5275477058365641 0.43650873769305587 0.17697850765665712 0.23017699913490464 0.2037129976109779 0.2066974102181045 0.8201313990994681 0.520304672390629 0.5234314469239422 0.2512331550391159 0.24258596665054982 0.4405810613332958 0.5887708775146885 0.8148723564705372 0.324733632918945 0.9111554238715927 0.5291699511760026 0.49393837123107237 0.5103501191963825 0.48355723902965003 0.4563373871428126 0.5487048233345815 0.23552947725198742 0.4032054126821545 0.35275288618790634 0.7442985271396627 0.7672078114695403 0.559583073133695 0.9035150349475702 0.5709571199577022 0.547583063408638 
0.694720242675263 0.43650873769305587 0.9517236014112082 0.5495551553129194 0.7016102427683072 0.4291836701809081 0.6572621608306245 0.36193947803600496 0.3980424943044202 0.3594625164342458 0.778251220051429 0.6177081649312268 0.5106394183606626 0.333094150946629 0.7647315949193225 0.5580464473767774 0.6210553021480307 0.42163189975380233 0.5520594351834183 0.5688167477910696 0.5435530820526694 0.40358504103906034 0.9580560127968667 0.06373751078061501 0.8874517450960314 0.1157507952161777 0.7797142096554183 0.7082060684008553 0.13256032867462808 0.4141775162781043 0.4597924666376611 0.5608760880726338 
0.578767474195744 0.17697850765665712 0.5495551553129194 0.6263504319443429 0.6406076078593 0.4115582607698375 0.4062501778122257 0.6558904785222308 0.4807647017813979 0.2599671813209714 0.5316512455100048 0.26858998540003104 0.6529980360816594 0.7099864811347141 0.4423804030847877 0.6044024539959134 0.6170872168522866 0.5843699423075688 0.4899932928021784 0.441539872771582 0.413997801340306 0.3237054047420301 0.2546254054102611 0.6281620609390473 0.27001933852993826 0.49158702550315814 0.5229064877431668 0.537106153594017 0.31530190615125236 0.5858125053794903 0.4038848403291728 0.5221455766267088 
0.6011789630251135 0.23017699913490464 0.7016102427683072 0.6406076078593 0.32939738755521986 0.6006968677252471 0.37225190655355345 0.8196580411399115 0.7521738747366868 0.685568987902597 0.5411848909799506 0.4049295704550094 0.9665045609255667 0.5854345802964407 0.6692017415408711 0.8339886791054982 0.5496852046171299 0.443081611235522 0.552044997412656 0.6873921205271254 0.901996696941316 0.5160418838074181 0.7890701266153544 0.828943776347125 0.5169840180397001 0.578847911462819 0.8396070097323132 0.3572234327842434 0.6586442845539899 0.273351277082497 0.7479884332546998 0.4657356448299807 
0.6127591821530995 0.2037129976109779 0.4291836701809081 0.4115582607698375 0.6006968677252471 0.026445351215012236 0.28615480884940664 0.42092497379825744 0.25030449605529415 0.46745430711162456 0.7127526671461548 0.49908785843668607 0.32515687005596444 0.47808808850489704 0.7309681070454919 0.7194542747811201 0.6902427399043449 0.2693687937718999 0.20428032001415586 0.606521154587162 0.4665857680180484 0.6037990323319242 0.6026934981971428 0.08094917401422969 0.2957626382072752 0.14404087709837177 0.8010943766209653 0.4664487225413424 0.514233929503413 0.5997222325858651 0.5509739383948857 0.4401541132482496 
0.7595803992728355 0.2066974102181045 0.6572621608306245 0.4062501778122257 0.37225190655355345 0.28615480884940664 0.09122044724187983 0.5953815423151729 0.5291120062295938 0.7226459769795878 0.15701701254049544 0.4176536053072579 0.46379580389819214 0.21244145930677272 0.15116053837708632 0.3025719470205035 0.7052304624882548 0.7488558578052713 0.8555959853713042 0.4097745892627662 0.6753040590716457 0.5529118478822361 0.5293430179060628 0.47693209099374567 0.10383656800973745 0.20954945766302524 0.4965484958889291 0.7030708872622935 0.3493797987772582 0.7661580586458818 0.26886927352994483 0.3615011736507294 
0.18532439544920287 0.8201313990994681 0.36193947803600496 0.6558904785222308 0.8196580411399115 0.42092497379825744 0.5953815423151729 0.2935992856311548 0.6926217392271174 0.8387697547876447 0.505689952219402 0.49242523960951123 0.5916221253892924 0.5851764642990349 0.18009144868189958 0.3653105811156546 0.3862044001975621 0.48752743327466236 0.5748381565213205 0.5054712068355494 0.6037780388325102 0.5833837937683061 0.5320071008594294 0.4958037160930136 0.4036163689631174 0.14755119645048415 0.07313087770515869 0.7882601970658782 0.5500775535786671 0.4175661694472514 0.355009440122227 0.5043801428517253 
0.6247034634238737 0.520304672390629 0.3980424943044202 0.4807647017813979 0.7521738747366868 0.25030449605529415 0.5291120062295938 0.6926217392271174 0.908826912355247 0.5739745427089905 0.5621864855983381 0.23940389376327692 0.6674972242859307 0.5529850881033879 0.7680662927447388 0.07802777072534811 0.3779090806444191 0.786684843736589 0.8776495139854448 0.5650090271157289 0.47784636726939445 0.5724749596575789 0.38110010927913573 0.2942731818655162 0.710426391787534 0.7897028708984533 0.7478520295032337 0.5982916574361822 0.8869326660631887 0.20583660837491663 0.8583421734629275 0.26776358598134864 
0.340776407078597 0.5234314469239422 0.3594625164342458 0.2599671813209714 0.685568987902597 0.46745430711162456 0.7226459769795878 0.8387697547876447 0.5739745427089905 0.17082067367069365 0.3855157692018333 0.618310237797822 0.45495416309149594 0.4891535294065426 0.29971457289289233 0.8004681607245441 0.4796736341771649 0.6293329040416288 0.863486237143676 0.5967586645130228 0.4393059613966467 0.8417328047528282 0.5278939918571777 0.49105615061741553 0.6575126102569285 0.6500422888472197 0.2651920067919517 0.6714081303526229 0.5771031155875306 0.48969486812158297 0.7558301652034307 0.4850253920042642 
0.9203095220881718 0.2512331550391159 0.778251220051429 0.5316512455100048 0.5411848909799506 0.7127526671461548 0.15701701254049544 0.505689952219402 0.5621864855983381 0.3855157692018333 0.26427113562881244 0.32637163081603643 0.761009500694781 0.5879533553871326 0.1989818373739764 0.25893890908179096 0.36425507380049316 0.6418188904003795 0.43481794355539116 0.604787260734853 0.6968944388376732 0.6671183309215036 0.26652916753123396 0.44336672477430167 0.2558911209462298 0.6909011837432264 0.2878170151016024 0.5472429702725995 0.8279052671248223 0.32054435275493137 0.6007123618549453 0.33597910075901244 
0.44890636524706257 0.24258596665054982 0.6177081649312268 0.26858998540003104 0.4049295704550094 0.49908785843668607 0.4176536053072579 0.49242523960951123 0.23940389376327692 0.618310237797822 0.32637163081603643 0.5599274183251365 0.2400298171945347 0.5279733342407729 0.22585421148580764 0.13630075295860938 0.4731135868205841 0.6856304602929439 0.3163211458042608 0.5297166043738382 0.9501668857092767 0.8448311378793871 0.43349116166306395 0.47066257095876946 0.47794411090808775 0.18343654428743283 0.9697436038990292 0.5253534935087161 0.5053164788720677 0.5500564756055671 0.741457992241962 0.3984565362380428 
0.43082180806717113 0.4405810613332958 0.5106394183606626 0.6529980360816594 0.9665045609255667 0.32515687005596444 0.46379580389819214 0.5916221253892924 0.6674972242859307 0.45495416309149594 0.761009500694781 0.2400298171945347 0.6983145050818518 0.42642406117170567 0.9172159494375922 0.3368325338024239 0.47473790200744864 0.4491219336532179 0.35409869495887736 0.38719201458335295 0.5141838945375481 0.712093655316911 0.3595808229724057 0.34614880244964613 0.5066222801619158 0.9591626242550453 0.859281077562594 0.884958913374156 0.595063612763344 0.3268967778939244 0.3480767433859941 0.22857351973815743 
0.16829580860224713 0.5887708775146885 0.333094150946629 0.7099864811347141 0.5854345802964407 0.47808808850489704 0.21244145930677272 0.5851764642990349 0.5529850881033879 0.4891535294065426 0.5879533553871326 0.5279733342407729 0.42642406117170567 0.037857025727135674 0.6572076132599431 0.4385219777967039 0.6139379097545243 0.45665647084052036 0.20104418436475513 0.6460711397255903 0.6215545306521932 0.6460108320371444 0.22582423178623845 0.2755959577795748 0.31179821255600504 0.59784369910082 0.38555357996939976 0.2892539273585159 0.7361708082836811 0.6333615016929085 0.09830346136714946 0.3975987853586157 
0.529712145873203 0.8148723564705372 0.7647315949193225 0.4423804030847877 0.6692017415408711 0.7309681070454919 0.15116053837708632 0.18009144868189958 0.7680662927447388 0.29971457289289233 0.1989818373739764 0.22585421148580764 0.9172159494375922 0.6572076132599431 0.2406693624369738 0.9729936946254218 0.34387610536675306 0.4720592616346295 0.4464587384045687 0.662527329756986 0.5332831129010293 0.49342746874466 0.586447481587714 0.5963455688726688 0.915874471731116 0.8531517491745015 0.7323873637333687 0.36006878237524303 0.1978029262107998 0.5269089818232129 0.4512893524905226 0.3743504382461437 
0.6874376471483111 0.324733632918945 0.5580464473767774 0.6044024539959134 0.8339886791054982 0.7194542747811201 0.3025719470205035 0.3653105811156546 0.07802777072534811 0.8004681607245441 0.25893890908179096 0.13630075295860938 0.3368325338024239 0.4385219777967039 0.9729936946254218 0.3235166288478476 0.5125480729033681 0.6085949784237783 0.5517593769679352 0.1993949645554065 0.22876789854532392 0.03398333067228171 0.33514747028396014 0.6226177892687561 0.66848170822293 0.2197137562255253 0.6930680758482244 0.42619718500337295 0.47065904150260146 0.4734241496915596 0.6927223186666993 0.7478052975750284 
0.10061826796883366 0.9111554238715927 0.6210553021480307 0.6170872168522866 0.5496852046171299 0.6902427399043449 0.7052304624882548 0.3862044001975621 0.3779090806444191 0.4796736341771649 0.36425507380049316 0.4731135868205841 0.47473790200744864 0.6139379097545243 0.34387610536675306 0.5125480729033681 0.47218750027856216 0.08398436093590045 0.517468166775819 0.28005425545104595 0.7593395509684039 0.7588130762706198 0.4257735419224199 0.33178410896379923 0.9675363514360527 0.6106628615785036 0.48245036944385195 0.7623650805575194 0.17907160197095284 0.9368940114145572 0.2946423044344425 0.496967021946485 
0.22697074797294575 0.5291699511760026 0.42163189975380233 0.5843699423075688 0.443081611235522 0.2693687937718999 0.7488558578052713 0.48752743327466236 0.786684843736589 0.6293329040416288 0.6418188904003795 0.6856304602929439 0.4491219336532179 0.45665647084052036 0.4720592616346295 0.6085949784237783 0.08398436093590045 0.19876666869541726 0.8642011304812185 0.12458955488654677 0.2545577133476743 0.46340441379050556 0.7435678490570679 0.0527783760007996 0.7427190776159662 0.5043579552957846 0.6544808500170602 0.755907437219334 0.34985195573481925 0.6808778604233223 0.8064396655916286 0.5239195231828628 
0.7716240288715803 0.49393837123107237 0.5520594351834183 0.4899932928021784 0.552044997412656 0.20428032001415586 0.8555959853713042 0.5748381565213205 0.8776495139854448 0.863486237143676 0.43481794355539116 0.3163211458042608 0.35409869495887736 0.20104418436475513 0.4464587384045687 0.5517593769679352 0.517468166775819 0.8642011304812185 0.9014527541018625 0.8200153353835569 0.31232616938587765 0.5713621059881477 0.04377365271330752 0.37004393297736937 0.47419600416931756 0.22728231902014645 0.6318591594291111 0.46232134869781805 0.8356575201928227 0.18223240766655413 0.5039497974877079 0.6334012537770861 
0.14731147835123054 0.5103501191963825 0.5688167477910696 0.441539872771582 0.6873921205271254 0.606521154587162 0.4097745892627662 0.5054712068355494 0.5650090271157289 0.5967586645130228 0.604787260734853 0.5297166043738382 0.38719201458335295 0.6460711397255903 0.662527329756986 0.1993949645554065 0.28005425545104595 0.12458955488654677 0.8200153353835569 0.9037011487329816 0.44802625280574737 0.4415840404669661 0.212491933721909 0.551894369882721 0.30056348983050774 0.5292787971803279 0.42839846970892304 0.5121726191371954 0.21276382455163861 0.22753074453664784 0.488917482037502 0.6448630482015718 
0.2989612096256794 0.48355723902965003 0.5435530820526694 0.413997801340306 0.901996696941316 0.4665857680180484 0.6753040590716457 0.6037780388325102 0.47784636726939445 0.4393059613966467 0.6968944388376732 0.9501668857092767 0.5141838945375481 0.6215545306521932 0.5332831129010293 0.22876789854532392 0.7593395509684039 0.2545577133476743 0.31232616938587765 0.44802625280574737 0.35410987924915516 0.6298597630371323 0.6270095924230144 0.38613468497092607 0.2996765019068593 0.5331084521812006 0.07271671048553346 0.6072671551895941 0.7251990757039082 0.14491569151223532 0.13844884843655675 0.6667427825385266 
0.7280580468325117 0.4563373871428126 0.40358504103906034 0.3237054047420301 0.5160418838074181 0.6037990323319242 0.5529118478822361 0.5833837937683061 0.5724749596575789 0.8417328047528282 0.6671183309215036 0.8448311378793871 0.712093655316911 0.6460108320371444 0.49342746874466 0.03398333067228171 0.7588130762706198 0.46340441379050556 0.5713621059881477 0.4415840404669661 0.6298597630371323 0.8075049463711973 0.4003603863648004 0.6023039762996754 0.6217383573623326 0.3716771515384337 0.5131381321137017 0.38857695034556927 0.7918667335661109 0.6868340858477067 0.592097726998133 0.6987649625265364 
0.48560651285690026 0.5487048233345815 0.9580560127968667 0.2546254054102611 0.7890701266153544 0.6026934981971428 0.5293430179060628 0.5320071008594294 0.38110010927913573 0.5278939918571777 0.26652916753123396 0.43349116166306395 0.3595808229724057 0.22582423178623845 0.586447481587714 0.33514747028396014 0.4257735419224199 0.7435678490570679 0.04377365271330752 0.212491933721909 0.6270095924230144 0.4003603863648004 0.8264684101611186 0.43501124715066414 0.32838886988274407 0.6147087664779756 0.23051878292739664 0.5113655513300996 0.3083140785991034 0.9355015912323557 0.5164229902694399 0.21413746012617224 
0.6186457849528362 0.23552947725198742 0.06373751078061501 0.6281620609390473 0.828943776347125 0.08094917401422969 0.47693209099374567 0.4958037160930136 0.2942731818655162 0.49105615061741553 0.44336672477430167 0.47066257095876946 0.34614880244964613 0.2755959577795748 0.5963455688726688 0.6226177892687561 0.33178410896379923 0.0527783760007996 0.37004393297736937 0.551894369882721 0.38613468497092607 0.6023039762996754 0.43501124715066414 0.5373195500458976 0.5138455884605418 0.5955211653939805 0.20808428432916604 0.7884308987166597 0.2683023079032226 0.338160911555377 0.3148087204232721 0.258328884951935 
0.5422754326033647 0.4032054126821545 0.8874517450960314 0.27001933852993826 0.5169840180397001 0.2957626382072752 0.10383656800973745 0.4036163689631174 0.710426391787534 0.6575126102569285 0.2558911209462298 0.47794411090808775 0.5066222801619158 0.31179821255600504 0.915874471731116 0.66848170822293 0.9675363514360527 0.7427190776159662 0.47419600416931756 0.30056348983050774 0.2996765019068593 0.6217383573623326 0.32838886988274407 0.5138455884605418 0.38423962536047584 0.8845834264910425 0.44201589135115765 0.42037781492351756 0.6413419769665931 0.23423147936775857 0.6863649875590943 0.36764162821247537 
0.8451523124604341 0.35275288618790634 0.1157507952161777 0.49158702550315814 0.578847911462819 0.14404087709837177 0.20954945766302524 0.14755119645048415 0.7897028708984533 0.6500422888472197 0.6909011837432264 0.18343654428743283 0.9591626242550453 0.59784369910082 0.8531517491745015 0.2197137562255253 0.6106628615785036 0.5043579552957846 0.22728231902014645 0.5292787971803279 0.5331084521812006 0.3716771515384337 0.6147087664779756 0.5955211653939805 0.8845834264910425 0.6479694271245344 0.6492959052098681 0.6204219703493149 0.17851667982519148 0.6665325414492053 0.5919196623729968 0.40216012747552643 
0.455990319922201 0.7442985271396627 0.7797142096554183 0.5229064877431668 0.8396070097323132 0.8010943766209653 0.4965484958889291 0.07313087770515869 0.7478520295032337 0.2651920067919517 0.2878170151016024 0.9697436038990292 0.859281077562594 0.38555357996939976 0.7323873637333687 0.6930680758482244 0.48245036944385195 0.6544808500170602 0.6318591594291111 0.42839846970892304 0.07271671048553346 0.5131381321137017 0.23051878292739664 0.20808428432916604 0.44201589135115765 0.6492959052098681 0.8595114118581701 0.8508094218262046 0.6207185340911965 0.2580324227856288 0.2880367419577161 0.6199503437119578 
0.5271102158122849 0.7672078114695403 0.7082060684008553 0.537106153594017 0.3572234327842434 0.4664487225413424 0.7030708872622935 0.7882601970658782 0.5982916574361822 0.6714081303526229 0.5472429702725995 0.5253534935087161 0.884958913374156 0.2892539273585159 0.36006878237524303 0.42619718500337295 0.7623650805575194 0.755907437219334 0.46232134869781805 0.5121726191371954 0.6072671551895941 0.38857695034556927 0.5113655513300996 0.7884308987166597 0.42037781492351756 0.6204219703493149 0.8508094218262046 0.9088406039747737 0.06031639250914156 0.7264797323736139 0.4461346553150474 0.5452966246089086 
0.4193123958243671 0.559583073133695 0.13256032867462808 0.31530190615125236 0.6586442845539899 0.514233929503413 0.3493797987772582 0.5500775535786671 0.8869326660631887 0.5771031155875306 0.8279052671248223 0.5053164788720677 0.595063612763344 0.7361708082836811 0.1978029262107998 0.47065904150260146 0.17907160197095284 0.34985195573481925 0.8356575201928227 0.21276382455163861 0.7251990757039082 0.7918667335661109 0.3083140785991034 0.2683023079032226 0.6413419769665931 0.17851667982519148 0.6207185340911965 0.06031639250914156 0.649637702364916 0.4321556711314132 0.6939442211654194 0.900974715868295 
0.43212806488246885 0.9035150349475702 0.4141775162781043 0.5858125053794903 0.273351277082497 0.5997222325858651 0.7661580586458818 0.4175661694472514 0.20583660837491663 0.48969486812158297 0.32054435275493137 0.5500564756055671 0.3268967778939244 0.6333615016929085 0.5269089818232129 0.4734241496915596 0.9368940114145572 0.6808778604233223 0.18223240766655413 0.22753074453664784 0.14491569151223532 0.6868340858477067 0.9355015912323557 0.338160911555377 0.23423147936775857 0.6665325414492053 0.2580324227856288 0.7264797323736139 0.4321556711314132 0.7325952360908646 0.719248426749331 0.4736724573380246 
0.4944941954146097 0.5709571199577022 0.4597924666376611 0.4038848403291728 0.7479884332546998 0.5509739383948857 0.26886927352994483 0.355009440122227 0.8583421734629275 0.7558301652034307 0.6007123618549453 0.741457992241962 0.3480767433859941 0.09830346136714946 0.4512893524905226 0.6927223186666993 0.2946423044344425 0.8064396655916286 0.5039497974877079 0.488917482037502 0.13844884843655675 0.592097726998133 0.5164229902694399 0.3148087204232721 0.6863649875590943 0.5919196623729968 0.2880367419577161 0.4461346553150474 0.6939442211654194 0.719248426749331 0.8736643167681756 0.5786103369936269 
0.6109825166228431 0.547583063408638 0.5608760880726338 0.5221455766267088 0.4657356448299807 0.4401541132482496 0.3615011736507294 0.5043801428517253 0.26776358598134864 0.4850253920042642 0.33597910075901244 0.3984565362380428 0.22857351973815743 0.3975987853586157 0.3743504382461437 0.7478052975750284 0.496967021946485 0.5239195231828628 0.6334012537770861 0.6448630482015718 0.6667427825385266 0.6987649625265364 0.21413746012617224 0.258328884951935 0.36764162821247537 0.40216012747552643 0.6199503437119578 0.5452966246089086 0.900974715868295 0.4736724573380246 0.5786103369936269 0.06751377562371819 