16 3.1706354025842334 13.516043909505017 376 3000
68 97 21 72 44 90 76 2 98 23 1 9 34 35 54 82 
66 29 23 99 73 36 15 63 10 31 86 55 32 36 1 32 
10 39 25 79 97 14 59 52 83 82 43 34 54 91 21 67 
30 99 73 5 49 59 42 70 56 85 18 76 92 48 80 87 
35 40 55 98 81 86 87 23 81 83 28 86 73 92 26 60 
89 59 90 29 25 58 4 16 27 86 41 37 35 83 16 87 
25 80 65 6 84 44 84 59 96 48 74 32 2 100 97 65 
28 94 10 25 37 75 36 74 46 65 72 60 52 97 48 99 
20 99 45 53 21 52 58 12 13 24 56 67 17 1 13 61 
48 19 69 14 71 87 34 76 74 71 89 41 7 45 60 92 
76 41 71 93 97 71 92 85 95 78 87 37 62 2 38 81 
27 81 97 63 21 45 67 25 42 81 46 59 57 89 84 74 
78 98 24 99 32 74 99 1 53 8 38 2 17 87 66 19 
34 7 59 56 40 53 48 45 34 81 66 25 11 37 86 37 
96 10 23 64 85 46 63 26 73 31 66 1 80 34 78 60 
90 53 91 94 38 31 84 19 100 85 39 89 79 40 39 67 
0.5071234872838646 0.6248305724370891 0.341110990308532 0.3539961597784965 0.7286302062271741 0.4952437080310256 0.7194939106624623 0.42741597395818837 0.6079719161227122 0.8403768874706257 0.5712861570990286 0.1504000379440017 0.7763982605618154 0.5718589992282237 0.3443066135931926 0.8741051040688221 
0.6248305724370891 0.7956428946626293 0.6283450403985613 0.9138123643046141 0.13971626024891204 0.9716318921471334 0.8290984470072338 0.8459230784518732 0.590324148430218 0.44282733838854865 0.3835552118947326 0.6262643440085919 0.18885341458499355 0.6360483990811991 0.5612068351473123 0.5376650395083564 
0.341110990308532 0.6283450403985613 0.7274634387591009 0.1782674692398502 0.29161969977335545 0.569448784191718 0.5970245414031425 0.3241830102372225 0.5654203877317593 0.3658305415311727 0.7371145839682581 0.660603466097708 0.39044442964046333 0.6710105873394717 0.12603312626680324 0.20679881401372713 
0.3539961597784965 0.9138123643046141 0.1782674692398502 0.13093527768051505 0.6230510224352659 0.43650546723333 0.39855942058564375 0.6785480395668841 0.6852388164901331 0.39302947136981 0.4450325362304981 0.6717280510353362 0.34822983882978237 0.7957081261632031 0.6769371233007773 0.2644586142129368 
0.7286302062271741 0.13971626024891204 0.29161969977335545 0.6230510224352659 0.31623537409502156 0.9601883612320441 0.2777357414027656 0.3780800127695865 0.2614940076950527 0.50911082967076 0.44932945359056436 0.6852110934190834 0.21978532305510323 0.5635914024014095 0.4098369958861471 0.7229958413421833 
0.4952437080310256 0.9716318921471334 0.569448784191718 0.43650546723333 0.9601883612320441 0.3946822222142796 0.5372365837962876 0.37611082732364604 0.6820603899565522 0.17770660552843176 0.4236558308721345 0.8257120703509794 0.22780737318495242 0.23323793556455857 0.2832364232070936 0.6371256332864175 
0.7194939106624623 0.8290984470072338 0.5970245414031425 0.39855942058564375 0.2777357414027656 0.5372365837962876 0.6889211894352826 0.6489640475107316 0.41358948668736056 0.17818163777858775 0.3311806576627858 0.692270897462195 0.5502202429222436 0.5311536850705294 0.19237614851484142 0.3414363101680406 
0.42741597395818837 0.8459230784518732 0.3241830102372225 0.6785480395668841 0.3780800127695865 0.37611082732364604 0.6489640475107316 0.49971896578591357 0.5215496072456985 0.28713941713752145 0.5040874889224631 0.6765924696441822 0.6413321688007174 0.18224525349784554 0.6054755046627561 0.09697507538120193 
0.6079719161227122 0.590324148430218 0.5654203877317593 0.6852388164901331 0.2614940076950527 0.6820603899565522 0.41358948668736056 0.5215496072456985 0.6214260090359435 0.8226003564253102 0.8632425437225544 0.5267772133933146 0.6583263675848684 0.5919149640299162 0.44870890120151646 0.8171875389308079 
0.8403768874706257 0.44282733838854865 0.3658305415311727 0.39302947136981 0.50911082967076 0.17770660552843176 0.17818163777858775 0.28713941713752145 0.8226003564253102 0.400661701877255 0.652691636866007 0.44979759402146136 0.6105582154461862 0.7848520639404504 0.7951424677034682 0.4710483801112383 
0.5712861570990286 0.3835552118947326 0.7371145839682581 0.4450325362304981 0.44932945359056436 0.4236558308721345 0.3311806576627858 0.5040874889224631 0.8632425437225544 0.652691636866007 0.6377675141048144 0.5129551441533398 0.7149357707430792 0.47188196462524795 0.40619688535278764 0.7459182996646325 
0.1504000379440017 0.6262643440085919 0.660603466097708 0.6717280510353362 0.6852110934190834 0.8257120703509794 0.692270897462195 0.6765924696441822 0.5267772133933146 0.44979759402146136 0.5129551441533398 0.7135026283575954 0.3249334938295284 0.6091624400187885 0.46022454652049977 0.5212038921170453 
0.7763982605618154 0.18885341458499355 0.39044442964046333 0.34822983882978237 0.21978532305510323 0.22780737318495242 0.5502202429222436 0.6413321688007174 0.6583263675848684 0.6105582154461862 0.7149357707430792 0.3249334938295284 0.8676555464884895 0.5683686006152154 0.5323157493525466 0.507244974460237 
0.5718589992282237 0.6360483990811991 0.6710105873394717 0.7957081261632031 0.5635914024014095 0.23323793556455857 0.5311536850705294 0.18224525349784554 0.5919149640299162 0.7848520639404504 0.47188196462524795 0.6091624400187885 0.5683686006152154 0.38513163970461584 0.44079299513683345 0.5850097172698188 
0.3443066135931926 0.5612068351473123 0.12603312626680324 0.6769371233007773 0.4098369958861471 0.2832364232070936 0.19237614851484142 0.6054755046627561 0.44870890120151646 0.7951424677034682 0.40619688535278764 0.46022454652049977 0.5323157493525466 0.44079299513683345 0.9904513110632648 0.3868532394644294 
0.8741051040688221 0.5376650395083564 0.20679881401372713 0.2644586142129368 0.7229958413421833 0.6371256332864175 0.3414363101680406 0.09697507538120193 0.8171875389308079 0.4710483801112383 0.7459182996646325 0.5212038921170453 0.507244974460237 0.5850097172698188 0.3868532394644294 0.9171718013206849 