32
41 10 10 43 20 77 91 97 81 54 43 95 87 4 77 68 50 77 93 6 27 66 44 21 57 77 54 11 18 12 79 16 
81 54 53 39 31 100 72 14 2 43 11 98 33 38 91 83 31 24 82 81 90 77 35 88 12 78 78 16 29 26 73 65 
97 96 60 92 84 31 82 4 51 82 79 47 41 56 17 18 31 34 92 92 77 69 35 16 75 62 12 7 84 80 57 87 
75 10 70 78 72 10 96 12 37 36 65 37 54 66 12 43 89 5 18 50 27 23 8 62 82 16 48 74 73 33 36 44 
96 68 20 80 58 48 3 66 65 56 85 49 93 71 30 23 2 99 41 89 87 74 92 45 3 57 43 51 100 54 10 27 
72 7 39 95 30 43 6 69 63 48 74 63 78 51 80 20 40 73 20 50 97 75 38 12 73 88 87 54 74 52 56 10 
73 64 82 3 20 1 71 23 31 49 46 52 26 18 26 10 14 77 81 78 5 90 70 98 41 43 9 46 36 90 53 79 
2 87 90 28 78 63 27 60 27 23 29 48 92 7 97 29 30 92 68 23 87 90 68 85 17 54 14 30 83 80 50 31 
88 29 22 14 36 68 4 36 16 64 9 6 46 60 23 100 63 92 55 98 99 76 27 94 39 69 64 79 81 65 4 4 
23 77 65 42 30 12 46 98 25 4 18 16 97 99 76 52 4 60 15 47 75 95 12 4 19 9 34 90 55 33 74 23 
14 6 61 73 48 7 52 88 67 73 30 26 55 38 51 76 94 97 41 78 79 71 32 58 1 70 31 56 32 33 60 4 
65 46 90 99 53 81 22 87 72 10 71 93 35 40 4 89 83 17 63 29 16 24 57 6 3 68 17 46 7 73 83 80 
94 75 85 61 40 44 63 18 9 27 42 68 29 6 94 21 99 38 52 38 18 34 39 26 13 81 56 51 39 79 76 92 
92 88 41 5 33 73 13 98 51 23 68 73 56 45 37 42 76 66 10 3 77 40 3 71 1 3 53 79 91 38 90 44 
16 40 6 95 25 2 66 35 36 43 9 25 24 33 97 50 68 23 95 43 94 69 80 1 18 40 99 73 63 50 96 70 
80 32 42 58 93 43 35 65 64 79 98 72 3 79 49 91 42 42 84 88 46 99 26 30 88 39 100 56 65 48 1 51 
76 99 18 72 30 2 72 46 67 44 100 58 85 100 18 75 68 75 40 48 5 63 78 79 12 24 64 85 56 14 72 19 
24 26 98 69 20 25 78 45 44 72 67 37 76 71 79 53 79 92 20 42 31 100 86 56 36 57 34 97 70 98 86 70 
30 78 64 3 39 27 31 91 76 1 96 19 3 22 61 64 53 80 91 75 41 85 35 45 63 66 88 46 61 2 60 13 
92 8 93 73 43 57 40 6 63 80 64 68 30 20 14 69 94 86 68 12 81 83 62 94 35 2 89 23 42 71 90 44 
84 70 45 78 97 37 67 62 76 15 49 27 100 47 89 69 4 76 65 7 87 25 32 30 69 87 25 67 100 68 57 80 
78 61 36 25 36 93 41 35 33 79 97 50 19 53 35 79 81 49 48 3 8 26 68 54 26 60 11 14 50 69 62 77 
85 66 56 25 86 82 6 80 32 72 27 4 28 1 70 89 74 25 44 61 44 10 34 41 45 29 26 95 47 67 85 83 
51 38 15 28 2 81 73 69 10 94 48 75 68 58 95 73 6 95 12 80 60 33 87 73 12 96 24 81 96 47 19 99 
62 57 98 9 25 49 84 66 6 51 17 62 91 41 46 33 59 91 19 50 40 66 26 79 60 21 32 5 58 50 21 54 
82 37 56 79 48 86 92 42 29 13 95 99 42 38 98 94 62 26 87 29 19 43 6 45 46 87 44 10 53 51 52 91 
65 70 15 83 87 32 31 76 53 4 54 24 45 7 27 24 80 87 65 76 31 75 47 67 41 87 43 67 44 49 67 95 
82 21 88 87 15 80 83 46 71 57 35 41 30 30 69 96 87 14 72 97 19 9 28 50 27 56 20 81 18 91 97 34 
76 10 23 42 40 55 100 25 25 43 19 72 94 75 35 51 36 23 73 5 10 26 29 55 53 45 90 30 92 2 9 51 
16 27 33 2 38 22 82 39 34 41 41 22 38 30 54 94 30 94 58 25 31 41 7 68 16 7 38 33 97 11 46 73 
4 47 14 2 11 25 88 54 1 65 91 32 73 18 75 62 16 95 72 92 89 31 97 97 11 11 40 82 95 10 1 3 
43 52 47 73 71 83 22 70 28 76 91 1 36 81 16 4 19 88 15 64 20 39 82 3 63 44 46 26 16 95 55 3 
200 127 132 107 127 131 98 112 69 68 83 105 115 119 99 148 133 13 109 116 175 91 137 152 23 71 128 86 47 104 151 130 
127 190 100 77 53 159 102 42 150 142 32 67 110 121 33 109 64 121 141 181 98 106 92 117 133 142 106 129 110 69 43 71 
132 100 52 66 128 89 137 138 164 132 41 94 176 44 125 42 86 111 173 140 168 106 120 90 171 80 104 75 54 141 122 129 
107 77 66 110 67 52 131 69 114 88 93 116 174 43 159 93 66 119 159 101 162 185 109 54 166 88 100 63 130 128 56 161 
127 53 128 67 88 86 78 80 159 75 96 71 86 136 32 44 46 126 164 33 114 83 25 77 63 83 31 59 94 71 153 116 
131 159 89 52 86 188 94 180 45 123 106 74 43 127 120 103 87 123 98 112 70 159 99 4 106 104 167 69 83 92 113 114 
98 102 137 131 78 94 152 57 165 122 166 108 129 160 83 130 149 87 144 133 129 111 81 67 115 152 40 84 145 51 123 85 
112 42 138 69 80 180 57 192 59 113 90 103 166 94 64 86 149 109 138 54 64 126 51 103 100 15 181 149 66 32 94 79 
69 150 164 114 159 45 165 59 28 145 82 181 58 58 93 103 155 128 86 140 87 85 102 61 42 34 53 85 156 144 163 83 
68 142 132 88 75 123 122 113 145 136 82 75 115 90 165 131 124 85 100 43 149 41 117 69 147 53 162 95 110 68 148 24 
83 32 41 93 96 106 166 90 82 82 198 123 73 119 115 65 62 63 36 181 98 133 89 102 123 146 151 104 106 109 76 164 
105 67 94 116 71 74 108 103 181 75 123 126 66 67 112 70 151 32 106 157 96 62 134 120 103 27 140 17 113 96 116 126 
115 110 176 174 86 43 129 166 58 115 73 66 142 69 55 89 106 63 45 111 184 108 114 44 70 96 166 139 122 65 56 103 
119 121 44 43 136 127 160 94 58 90 119 67 69 134 90 97 113 102 129 138 105 88 80 138 159 116 57 103 137 67 102 161 
99 33 125 159 32 120 83 64 93 165 115 112 55 90 118 80 85 89 65 91 72 30 6 123 150 116 35 89 137 175 129 131 
148 109 42 93 44 103 130 86 103 131 65 70 89 97 80 168 165 147 58 125 119 70 87 132 156 122 128 105 57 45 53 16 
133 64 86 66 46 87 149 149 155 124 62 151 106 113 85 165 188 70 76 95 106 124 117 39 121 44 37 126 73 125 54 169 
13 121 111 119 126 123 87 109 128 85 63 32 63 102 89 147 70 200 70 62 90 101 103 135 170 75 132 93 87 182 110 136 
109 141 173 159 164 98 144 138 86 100 36 106 45 129 65 58 76 70 168 72 92 178 117 91 148 50 74 85 93 152 111 51 
116 181 140 101 33 112 133 54 140 43 181 157 111 138 91 125 95 62 72 60 118 70 129 119 147 86 58 174 120 87 83 88 
175 98 168 162 114 70 129 64 87 149 98 96 184 105 72 119 106 90 92 118 68 124 63 66 120 106 45 171 156 133 164 162 
91 106 106 185 83 159 111 126 85 41 133 62 108 88 30 70 124 101 178 70 124 10 61 112 140 155 122 132 169 121 106 107 
137 92 120 109 25 99 81 51 102 117 89 134 114 80 6 87 117 103 117 129 63 61 148 76 133 134 49 100 39 62 93 162 
152 117 90 54 77 4 67 103 61 69 102 120 44 138 123 132 39 135 91 119 66 112 76 46 32 54 99 140 37 132 128 75 
23 133 171 166 63 106 115 100 42 147 123 103 70 159 150 156 121 170 148 147 120 140 133 32 4 64 116 154 124 23 80 70 
71 142 80 88 83 104 152 15 34 53 146 27 96 116 116 122 44 75 50 86 106 155 134 54 64 4 130 72 47 86 172 149 
128 106 104 100 31 167 40 181 53 162 151 140 166 57 35 128 37 132 74 58 45 122 49 99 116 130 170 119 20 54 45 73 
86 129 75 63 59 69 84 149 85 95 104 17 139 103 89 105 126 93 85 174 171 132 100 140 154 72 119 8 61 196 31 97 
47 110 54 130 94 83 145 66 156 110 106 113 122 137 137 57 73 87 93 120 156 169 39 37 124 47 20 61 184 118 149 55 
104 69 141 128 71 92 51 32 144 68 109 96 65 67 175 45 125 182 152 87 133 121 62 132 23 86 54 196 118 60 141 130 
151 43 122 56 153 113 123 94 163 148 76 116 56 102 129 53 54 110 111 83 164 106 93 128 80 172 45 31 149 141 72 145 
130 71 129 161 116 114 85 79 83 24 164 126 103 161 131 16 169 136 51 88 162 107 162 75 70 149 73 97 55 130 145 46 