64 5.85235370995102 57.63213236775515 344 12510
40 46 5 20 12 74 6 100 93 98 3 23 63 21 3 1 31 98 91 11 14 64 56 100 5 74 57 70 6 56 68 25 61 8 60 86 77 4 68 17 100 78 50 47 75 67 59 81 93 11 88 35 28 23 56 87 54 86 64 94 90 74 41 7 
92 87 85 14 11 5 95 57 40 78 59 25 1 39 4 19 29 91 60 25 57 28 78 51 78 51 66 23 24 15 83 29 82 45 85 87 13 90 12 63 36 74 70 76 45 28 43 52 94 75 86 35 36 9 42 21 36 59 58 4 83 52 56 44 
83 61 65 51 69 19 16 23 41 86 10 6 49 73 44 17 60 68 7 75 1 16 61 33 84 22 30 66 88 55 61 39 17 44 9 38 65 51 57 55 49 74 59 47 6 52 29 10 94 73 89 32 60 8 71 26 23 20 7 23 98 50 26 11 
7 75 75 16 33 56 76 4 1 99 14 63 41 60 26 31 98 63 93 10 4 83 23 74 74 61 17 5 43 10 69 87 30 71 25 15 55 69 10 10 18 14 67 62 66 40 39 51 98 27 1 78 32 25 4 58 10 87 25 47 37 57 91 4 
73 28 68 14 80 14 5 95 12 34 53 22 12 46 19 78 43 55 40 64 48 40 33 66 6 17 37 83 65 33 2 50 69 20 3 46 40 37 25 21 35 91 26 73 64 1 34 6 99 47 46 39 18 8 38 11 85 86 97 41 91 23 53 55 
2 79 50 59 29 43 90 62 14 68 63 73 59 65 9 93 11 84 59 96 14 48 55 71 41 43 85 94 35 8 42 95 65 21 16 79 28 48 100 83 64 40 89 1 93 30 66 40 66 22 48 70 55 76 69 93 20 96 74 68 63 63 80 33 
8 67 35 58 11 57 41 64 25 80 65 49 51 47 21 79 28 48 96 74 5 32 94 41 87 70 32 8 29 22 33 4 24 72 59 30 21 100 54 29 79 70 12 54 56 24 98 93 57 65 70 24 60 70 54 70 72 9 1 29 29 73 55 68 
49 5 25 66 83 16 63 52 78 3 15 83 33 16 91 53 4 74 23 92 90 75 18 19 60 19 16 50 56 67 66 29 65 18 1 8 36 49 5 19 84 43 72 46 68 16 67 81 56 44 49 86 3 41 56 7 13 97 71 18 31 13 84 83 
72 10 33 81 10 8 20 30 69 28 72 6 53 38 97 26 1 66 42 29 40 86 94 90 96 61 14 63 98 55 12 79 33 60 23 4 80 99 4 70 39 77 51 41 81 79 64 38 79 7 54 17 76 9 69 69 83 11 17 88 82 60 52 37 
26 57 89 67 46 43 55 24 67 50 4 90 50 2 50 86 39 56 14 100 71 18 46 93 15 45 9 99 45 86 30 92 5 69 67 63 36 84 78 1 30 95 49 74 99 18 25 21 95 29 100 8 92 53 38 30 5 65 64 34 24 74 87 93 
47 94 13 97 87 94 33 99 66 66 90 29 33 83 44 98 81 84 19 60 54 88 79 86 83 86 46 77 54 77 38 58 55 98 27 58 21 72 25 15 96 35 99 30 42 11 50 39 94 63 85 79 22 47 57 4 25 5 90 43 57 51 2 17 
60 40 6 96 30 55 37 100 54 6 32 64 51 41 35 94 25 71 50 58 98 74 38 3 72 22 93 13 78 85 82 3 88 26 67 64 42 25 2 73 52 80 76 23 58 61 5 82 47 59 13 66 15 15 94 4 70 100 22 96 6 78 95 56 
9 65 36 53 32 16 19 64 6 42 70 7 22 44 75 60 72 15 46 34 62 91 71 23 76 64 76 18 50 23 20 50 44 20 77 6 9 75 49 90 95 7 62 90 3 55 60 37 46 35 26 44 82 72 69 74 51 74 43 6 19 39 18 81 
41 21 44 39 53 95 10 43 16 91 14 19 50 99 14 30 87 75 2 88 54 5 12 39 23 53 78 77 28 64 74 6 15 33 54 14 54 92 67 38 82 10 65 87 65 28 43 6 40 60 97 58 59 36 29 30 90 53 98 69 35 9 78 90 
80 21 56 3 5 64 70 47 41 2 41 9 55 9 78 23 70 58 56 51 54 9 71 67 79 63 42 91 81 21 83 5 36 97 21 75 88 28 41 7 35 99 28 11 64 38 61 41 47 73 8 70 16 17 85 75 62 23 67 39 51 48 53 83 
99 91 54 61 80 52 57 56 68 62 27 41 62 54 1 42 74 59 11 19 79 33 61 59 20 40 1 60 25 13 47 11 40 85 10 96 64 57 31 55 11 50 18 72 40 73 68 21 21 34 38 33 53 67 58 96 61 47 58 76 5 52 7 73 
92 74 65 96 88 26 80 60 93 65 54 70 68 69 24 79 97 31 39 85 1 92 92 29 57 43 12 4 82 40 63 60 27 48 56 81 89 52 11 53 7 25 97 66 61 76 33 89 97 25 19 100 82 49 28 77 7 89 26 54 52 7 2 28 
80 56 27 30 95 23 88 34 46 45 56 34 78 13 47 77 10 49 75 88 49 7 96 31 26 57 87 39 11 70 85 83 2 66 34 77 19 65 88 75 44 11 81 25 38 51 95 25 3 65 25 86 45 6 89 50 54 53 4 70 53 52 39 7 
40 61 96 31 2 47 30 60 54 15 23 96 50 94 9 82 92 86 3 43 100 43 12 4 36 22 64 8 48 92 91 88 30 94 99 95 55 28 15 35 42 75 78 100 38 83 81 2 5 54 21 40 68 90 47 77 66 36 89 62 44 8 80 26 
77 50 90 91 52 96 5 8 7 16 76 3 15 81 91 42 37 74 29 54 97 75 26 76 82 43 38 35 3 81 17 37 55 39 57 75 54 84 88 38 25 9 1 33 39 97 89 79 83 73 7 11 56 28 7 81 93 80 71 63 90 27 63 24 
61 57 13 76 74 84 18 17 76 24 34 96 98 1 86 55 72 55 2 93 79 2 10 79 70 94 88 94 81 95 13 83 3 5 16 67 42 28 78 19 84 9 27 28 7 5 74 70 93 10 95 11 16 32 80 69 18 8 93 34 71 28 47 90 
94 31 14 94 8 95 39 93 72 70 26 56 32 35 91 88 100 10 61 86 59 8 28 72 100 94 61 93 66 98 79 57 35 16 77 91 13 37 31 34 56 15 99 90 77 32 44 38 94 72 72 79 81 11 1 93 83 6 35 3 24 92 82 64 
34 65 31 41 2 1 6 43 65 70 7 58 11 25 99 6 93 100 73 32 72 96 18 1 77 24 34 97 62 1 97 42 90 70 20 40 40 79 36 79 68 45 26 80 79 47 97 53 38 68 43 22 48 3 99 30 62 41 96 10 88 43 69 9 
30 65 17 93 97 45 100 79 74 10 9 63 1 99 11 56 13 70 44 5 49 17 80 18 28 49 8 45 12 30 37 94 31 19 98 43 95 53 5 48 33 85 42 89 61 32 47 98 41 47 96 12 33 44 29 10 60 52 70 65 49 36 81 11 
9 97 94 5 17 67 21 69 82 56 34 80 30 18 40 51 91 74 18 21 26 56 83 26 93 96 32 15 38 68 30 48 60 100 40 8 87 16 75 46 65 93 3 99 19 6 15 77 93 92 6 24 23 33 39 52 3 65 30 1 63 63 95 11 
11 82 70 60 78 44 80 27 84 35 24 13 97 34 7 66 87 9 65 46 24 9 15 18 49 95 25 53 64 62 92 98 89 54 77 25 35 99 18 67 52 36 31 56 85 4 32 80 70 45 3 99 84 67 98 16 13 55 81 44 67 62 81 60 
18 93 53 96 45 4 88 83 30 57 70 38 11 40 63 21 100 68 12 71 72 28 91 93 17 59 71 33 31 78 65 55 47 25 44 66 13 52 65 4 28 8 80 95 11 75 63 38 59 21 50 15 58 12 89 54 81 84 31 96 20 69 2 84 
49 73 17 39 88 94 85 6 23 42 68 67 85 24 8 49 44 100 69 71 48 30 64 42 55 44 37 50 87 71 11 42 66 84 76 79 87 13 33 4 41 82 30 28 86 1 7 37 17 79 13 11 41 28 50 12 87 63 54 16 85 70 46 36 
15 77 78 20 83 78 26 59 48 14 7 82 80 66 27 44 44 52 18 49 62 96 50 39 71 13 24 67 22 63 7 33 42 70 65 11 84 2 25 10 48 1 80 53 72 95 8 18 50 4 84 9 56 47 8 7 76 52 31 43 37 92 96 27 
63 92 38 67 99 13 77 42 26 72 90 7 60 37 94 42 12 64 59 68 8 11 43 70 41 29 98 21 8 5 15 30 79 2 75 28 30 27 30 80 26 74 56 47 46 69 17 98 5 4 58 21 71 100 19 93 65 20 41 90 77 11 10 72 
46 12 14 47 56 85 28 49 81 29 38 14 15 94 53 83 98 89 4 29 60 68 82 66 78 66 4 64 25 8 95 49 100 68 30 43 13 47 28 72 25 61 79 37 26 10 44 83 75 42 65 64 70 77 81 39 29 59 14 37 78 20 29 40 
73 8 40 62 66 4 37 12 83 34 48 71 56 100 87 57 85 99 29 53 87 35 83 91 45 49 52 59 95 36 11 70 14 91 72 7 67 87 4 96 86 100 28 26 93 31 17 51 10 16 41 65 43 77 1 98 22 31 50 22 62 73 24 76 
32 62 69 99 30 27 89 87 46 58 44 87 95 44 14 21 46 78 81 99 11 91 77 13 22 79 10 10 42 32 47 44 57 60 55 12 41 82 72 92 47 67 96 82 65 37 20 44 93 6 68 87 32 57 27 28 14 42 43 3 58 54 41 93 
98 7 58 92 74 50 78 53 81 51 50 41 65 35 70 35 58 4 46 9 76 23 4 35 4 1 75 40 18 2 58 86 81 65 85 75 97 57 33 80 2 76 57 93 67 42 4 12 24 10 75 1 96 60 12 18 22 69 44 70 72 77 84 4 
42 93 3 9 99 64 9 62 69 19 20 42 34 77 45 57 37 7 99 75 100 90 25 27 62 63 28 52 47 62 40 71 82 1 72 86 38 61 17 82 40 73 43 30 41 54 63 6 85 30 87 34 24 62 79 8 81 38 68 94 19 5 61 2 
56 69 66 53 36 80 82 38 66 45 48 48 70 84 45 22 57 2 39 96 41 40 26 62 1 14 59 30 35 51 38 56 5 27 48 65 19 91 10 51 42 6 14 75 72 4 20 61 57 20 25 42 6 79 32 1 97 19 67 11 5 80 83 19 
30 49 9 81 90 1 95 16 49 60 71 90 1 15 41 63 66 48 43 67 62 65 86 46 83 92 42 68 91 62 23 5 41 38 18 67 97 91 94 36 19 69 7 44 52 25 83 64 99 10 38 35 23 92 82 67 35 26 6 29 86 90 77 2 
4 32 1 36 54 1 65 78 80 66 98 61 53 79 65 56 3 29 80 72 91 82 53 25 96 41 77 67 1 86 62 10 4 2 89 99 71 95 23 76 10 92 1 62 75 3 81 69 65 28 85 54 32 88 65 96 78 35 66 4 32 18 19 38 
99 81 71 74 1 1 14 67 71 57 44 96 51 33 34 79 23 56 69 40 38 15 24 82 37 35 5 60 4 48 45 61 32 76 15 50 45 52 1 4 42 21 16 60 100 14 18 34 27 12 19 5 39 11 54 26 42 96 56 84 84 92 57 75 
23 8 69 91 98 30 42 31 75 89 46 6 9 44 92 67 78 89 56 28 82 60 73 94 99 12 87 55 12 51 14 71 65 55 39 88 40 18 40 61 88 13 29 1 7 32 56 53 28 27 57 23 72 65 35 58 51 62 45 78 5 18 15 3 
79 100 71 23 74 62 89 38 48 32 90 4 4 53 84 8 62 35 57 35 91 4 17 22 31 53 14 87 13 29 65 79 65 46 78 40 10 37 60 45 2 96 15 78 7 53 58 56 17 29 85 42 86 2 26 91 72 27 70 86 10 3 75 52 
47 93 31 69 69 37 7 82 38 1 61 21 73 20 14 30 32 58 22 29 69 77 12 13 60 92 30 77 25 84 23 7 63 18 87 26 36 74 98 66 69 89 21 21 42 80 47 19 81 83 73 67 39 17 95 78 23 87 73 68 63 13 80 17 
29 18 37 54 28 94 52 52 95 98 84 89 43 48 67 14 50 50 85 71 66 26 44 58 67 68 43 24 66 90 68 92 36 16 84 10 25 56 44 98 9 82 55 12 11 89 73 71 77 22 83 41 68 36 83 1 77 73 27 19 67 97 90 75 
63 50 79 40 97 62 26 33 36 67 85 42 69 7 86 13 2 53 13 23 14 14 16 51 7 10 91 79 89 66 32 78 55 39 13 74 37 55 48 33 27 33 69 28 37 94 9 24 9 35 3 36 14 71 29 12 62 19 92 72 23 3 74 11 
19 2 89 56 39 25 44 67 52 6 72 93 25 62 27 77 94 70 81 62 9 54 88 74 25 60 33 29 14 50 61 3 65 66 89 24 19 88 94 15 87 89 73 9 16 81 27 28 17 12 88 75 38 79 55 1 73 14 95 95 49 10 21 29 
98 76 39 5 34 18 12 23 34 55 13 29 61 65 19 9 27 40 45 68 30 72 71 61 80 1 88 88 83 22 28 41 31 18 95 62 13 45 13 36 82 6 23 90 42 79 9 1 75 78 1 94 51 85 10 33 9 31 66 34 16 24 8 91 
49 92 50 29 17 29 29 59 37 56 84 51 65 40 13 5 35 75 66 65 68 100 73 39 25 79 13 64 65 71 89 54 46 52 67 28 4 5 49 22 77 86 59 83 29 62 100 45 22 23 41 86 30 25 48 95 41 54 87 10 96 22 16 75 
18 66 58 62 9 63 42 1 6 67 56 41 6 71 66 48 60 35 36 75 80 89 39 33 28 20 46 34 92 94 70 83 65 40 99 48 46 14 64 33 26 72 38 58 37 53 95 61 63 20 10 17 9 59 41 52 90 44 26 55 34 61 57 58 
50 77 41 79 41 30 100 9 87 37 84 90 94 8 66 77 100 49 83 38 17 2 38 86 16 77 18 56 5 44 36 76 29 97 9 25 51 7 81 66 34 39 81 53 16 66 83 16 39 3 8 30 30 25 31 72 33 76 14 64 96 68 32 28 
95 54 61 98 8 15 15 2 71 33 39 56 51 36 21 31 98 41 97 82 53 81 89 42 17 83 46 49 82 31 19 30 59 24 87 48 11 92 55 44 49 18 67 88 28 53 62 58 25 10 61 96 5 71 81 23 62 38 65 60 10 9 41 22 
54 6 2 29 58 57 19 42 69 68 67 33 39 100 60 4 35 24 21 88 33 93 64 26 49 64 72 46 84 40 85 73 6 29 82 57 47 18 76 15 55 91 62 29 52 30 31 2 2 39 23 55 74 5 47 9 53 21 75 50 29 2 6 68 
45 24 44 73 82 36 3 28 21 98 24 87 19 71 76 54 68 30 40 90 40 10 86 73 83 88 27 8 61 97 81 26 16 55 99 78 38 84 2 81 45 7 39 68 34 57 60 87 10 64 85 88 15 27 81 90 23 23 7 61 33 45 31 98 
92 70 52 76 73 30 54 16 51 48 42 43 22 38 29 71 21 26 22 54 44 81 96 50 82 30 98 84 54 36 70 75 62 81 48 34 27 40 27 53 51 23 22 19 21 35 35 90 36 12 78 82 35 37 76 23 26 75 57 51 83 38 50 35 
28 42 99 58 82 25 60 7 45 95 74 51 3 92 92 10 29 59 2 31 47 12 31 44 74 6 87 56 100 24 95 45 85 47 86 58 36 59 1 47 66 38 1 18 66 61 87 45 93 35 89 35 78 11 48 2 46 75 65 77 74 78 63 16 
57 88 14 86 5 30 98 1 73 41 66 87 42 4 35 80 47 26 66 80 90 17 68 9 11 70 4 28 13 27 66 55 58 49 7 70 48 26 99 33 44 15 46 39 85 26 19 84 66 39 31 40 26 52 64 36 54 37 85 75 38 55 98 16 
44 22 34 98 4 91 89 92 89 75 29 84 26 37 91 88 96 42 20 66 21 33 94 88 77 53 78 16 24 88 93 30 97 36 9 74 95 89 94 3 44 40 30 54 77 25 19 77 40 88 97 33 3 73 20 4 63 70 34 68 36 66 4 32 
9 24 56 62 27 5 37 49 47 74 6 35 89 68 62 27 81 95 70 75 56 10 21 90 84 67 75 14 69 31 36 93 10 24 22 21 85 24 19 74 46 33 45 8 29 10 20 50 60 74 55 69 79 72 12 54 68 19 56 3 56 45 80 74 
40 79 88 27 54 59 62 45 61 61 53 84 17 64 23 81 60 18 68 7 99 3 1 18 21 83 89 29 72 41 23 4 20 68 97 97 35 52 82 34 83 39 66 8 29 19 90 18 92 85 68 84 46 78 83 15 76 34 42 26 5 89 70 95 
5 75 75 86 44 1 51 54 40 52 51 83 53 67 77 19 51 46 45 97 32 7 47 93 38 26 91 59 68 5 72 65 17 62 28 44 99 74 49 29 89 59 70 66 68 87 48 60 59 52 47 14 34 72 23 96 59 82 6 83 66 72 52 90 
55 7 57 13 35 56 93 18 76 33 67 50 67 27 66 17 94 91 13 34 6 29 29 26 20 70 78 84 10 64 62 82 17 44 81 86 36 76 31 45 79 37 15 50 1 65 90 10 32 86 81 15 17 81 23 56 66 2 80 94 65 71 18 18 
67 69 47 41 13 51 87 100 68 80 94 54 4 95 5 5 46 47 35 27 69 42 8 51 36 48 80 89 91 92 42 59 78 30 22 53 11 63 85 42 9 70 21 16 51 58 5 77 63 98 24 81 5 64 28 16 56 72 98 57 12 64 57 75 
21 25 90 78 5 9 58 22 72 24 91 9 54 38 10 100 8 57 50 56 82 46 28 13 29 87 64 19 42 88 62 84 4 86 81 40 52 32 3 12 34 9 38 1 75 78 91 68 53 41 18 96 99 38 54 46 36 30 52 49 52 85 97 71 
22 16 62 98 54 61 98 75 9 78 32 44 17 33 74 24 84 95 93 72 71 35 37 77 36 40 71 18 65 57 41 33 5 80 16 44 91 36 42 48 57 21 61 74 49 30 38 18 19 2 44 62 96 24 86 77 60 47 53 11 35 86 8 57 
7 46 53 70 90 30 15 91 36 26 40 37 87 64 26 33 54 78 94 99 25 35 27 96 36 58 71 69 71 41 3 81 8 71 37 24 1 98 36 19 80 2 32 44 38 80 18 30 97 55 61 5 60 15 8 35 94 87 22 22 59 71 37 62 
0.40184870514869053 0.33183173237084196 0.3714895134613757 0.401504846101114 0.36857763954973344 0.7628239157732861 0.6155859905833538 0.5398155611685019 0.4970257904833103 0.6040442828373459 0.5725118467659853 0.6321696660518006 0.652179872773468 0.5440399099101783 0.45900079824334644 0.882178028721436 0.8163648181514291 0.5810700707036115 0.488130977809332 0.5244911072283613 0.3312468621557774 0.46362387191364934 0.3300686603582212 0.22144393954693087 0.46254902253196717 0.9301763609492639 0.27458362599876307 0.5374701423064148 0.8717710102517588 0.4297440721234057 0.6766628219633 0.438855078395736 0.12160105938755017 0.8483380297965 0.7014166583791726 0.7555211334535703 0.1379936219711287 0.7642014350058731 0.30648394954135877 0.8691493928608554 0.3711627972913125 0.45813878247919465 0.4561099493913722 0.2980789011481809 0.4850650438454453 0.17644192831564565 0.5420081528907419 0.5473618333553036 0.5090761992563794 0.4390761728377108 0.02012088306570814 0.5031179381490187 0.3790489319831718 0.7678069810796218 0.49739271378984545 0.16620434019012764 0.8497289936938789 0.45158063967027595 0.5213084231669313 0.46498590194825506 0.477514340209743 0.11740930896774682 0.7391885384163834 0.41113873250630356 
0.33183173237084196 0.05886764298203706 0.32141725561411566 0.3024784238687049 0.7566601842325569 0.5342494555971071 0.7785359923254542 0.47962650756001557 0.41140010387844556 0.5918675311862259 0.827268149413252 0.580596995081847 0.7549158398176142 0.4924735494898499 0.6879933817175184 0.40099594772085456 0.5521112016358509 0.7900404115879482 0.34099933269409416 0.5004669314379815 0.5522779968707283 0.20135007686176792 0.7001971717895297 0.6264370783831136 0.3137058387960897 0.6630350335114021 0.5527635894176081 0.6816665274133341 0.7297231380514442 0.2138505200721027 0.7190072152951403 0.40414564245480655 0.5686850683875826 0.4629086165945708 0.14748426213686178 0.5510572098009325 0.49802590605420993 0.7014770071596018 0.8674840952588878 0.6399676245165908 0.3728644681253333 0.5362553793174818 0.24719458018366242 0.6200740503399425 0.5885400779803929 0.6319240039944369 0.41690038405377994 0.2740287447839425 0.3503494251335576 0.5910999930623596 0.7316458972673892 0.17235106003860917 0.6572173160158752 0.5528412767063119 0.5196867613076837 0.6712718599943239 0.8513881359966409 0.34200986285205226 0.4809659430687104 0.7380302330743514 0.774949072923635 0.5592222412898079 0.40493089659856596 0.595923399145621 
0.3714895134613757 0.32141725561411566 0.42904339119095736 0.39789654936819474 0.11956884235401377 0.785535073398062 0.5448298966263581 0.8264937271743975 0.5705233388920912 0.4000020878081462 0.4080711836738959 0.6013166558498213 0.5667490322443862 0.268494385736189 0.550774162250243 0.8239223731046261 0.8754073569368006 0.34528630948710715 0.6505163970397942 0.3959364957609889 0.46697544513990286 0.4323194889855331 0.7261340864459995 0.36122027564013176 0.5654749085513409 0.6787519259375325 0.7742242569075299 0.7104560127777872 0.3191838581381668 0.25514108650304135 0.7004126001338715 0.972346590426109 0.20946291359098013 0.6312595537856454 0.5944872897377456 0.17685431870715873 0.1465324114421645 0.6586067409202984 0.5038698920820703 0.5429996867245999 0.5544337559992483 0.2877307816942252 0.5029812097069355 0.1631482646211984 0.40940772606210973 0.45770704040005455 0.2949766053548019 0.7667419571761032 0.5558597210662917 0.4994830405122489 0.35629267954991845 0.8938725042792464 0.48325932901070207 0.23048786689248407 0.6044737348152003 0.3896678525184366 0.7965333309227183 0.4534337585173697 0.1270604856364364 0.4510340632448216 0.5971232584246615 0.47486184089315314 0.09362219868013527 0.43950838559629296 
0.401504846101114 0.3024784238687049 0.39789654936819474 0.08105419278062165 0.7739846666328043 0.4078358321681718 0.13495202350376406 0.18983596529287033 0.3814415122805485 0.4181710880248985 0.3127562100395588 0.24672446588128277 0.5546195840777884 0.7955175702722046 0.5306303934946311 0.2896245149441499 0.5273152864368389 0.19342436824828024 0.5251680651967974 0.5181304235362663 0.7733610240313304 0.5469017776722294 0.5036992290358896 0.7985064835557307 0.44369167804436416 0.7441207688867549 0.5584443524300078 0.3343337620137594 0.4785232704744055 0.5644745448668065 0.38976574503693745 0.43503033771723626 0.5881341496765503 0.18084561304380603 0.4824487257526947 0.5619224224038655 0.24395927896239555 0.3451372081228951 0.7187346018681082 0.514105650075869 0.4838457092332065 0.6122276000340916 0.6903728787132093 0.6533475096930437 0.4682990413237511 0.29375936058651986 0.23813228352143379 0.27404800283416947 0.16436200638541532 0.5796679153459765 0.4544822458466564 0.2925836304925771 0.3435695496997292 0.42223761825240247 0.6121219023173581 0.9720351673494623 0.3977378540328679 0.2640341008168663 0.7173849033780713 0.3185579600518429 0.28978930458310376 0.5310500045161729 0.34700758657876973 0.7519643380808394 
0.36857763954973344 0.7566601842325569 0.11956884235401377 0.7739846666328043 0.7428080490814017 0.0853840347982589 0.24142499366203296 0.6894857167530257 0.28925692177861967 0.43366219051652516 0.48059816756203544 0.6621361800603298 0.2837417894703245 0.5910659204564841 0.24206244674759192 0.5292128406614036 0.3445135176774101 0.28296043972311413 0.6643597735082221 0.3571777838147052 0.5511376480142989 0.5212232730392865 0.6749366250846179 0.13499372745471944 0.37117682497034643 0.25133427281556603 0.6487554723391582 0.6334149748420259 0.6487631094071618 0.6023498863992955 0.8965188016185544 0.4563734180301967 0.5129604139291248 0.28928133363670955 0.48660633958700417 0.5494138606874676 0.39795542862396005 0.7257326291980877 0.43427971795354225 0.5014271984060114 0.2532565412758235 0.6525943090942219 0.2106411873214482 0.16963570831413244 0.1682114433956059 0.454421381214468 0.4304495962382953 0.45266139171400543 0.6670274274105958 0.9440207828942553 0.6685930453435405 0.7437775426722172 0.2947287765053 0.7206620937047645 0.588939862408441 0.4423318797429393 0.3045573737873477 0.38662599837592576 0.46914980212261786 0.3219440171899458 0.5795197874661366 0.6017072511324848 0.7232454702126633 0.2592903247024356 
0.7628239157732861 0.5342494555971071 0.785535073398062 0.4078358321681718 0.0853840347982589 0.813817467625028 0.3536614367425385 0.6932744874802043 0.5998796366837867 0.6321241725598603 0.5334780571696569 0.49838141815048026 0.3553914168533905 0.493799218966901 0.6882201160590075 0.48254932537450124 0.2190401450136475 0.6865980350648735 0.5838878439432631 0.7142251774840944 0.16091315947357715 0.4271659497323159 0.475880773296943 0.5299125116843517 0.2881375947594991 0.3988119010230181 0.6254408899612585 0.7194076594716527 0.5926371952123676 0.850566872201602 0.24259940399677365 0.7093382820291587 0.9183362665549266 0.5050452521747568 0.7687512515606785 0.512396240271561 0.6727394320092432 0.38376558408730627 0.42515920167506593 0.7897084613318137 0.4389203823498716 0.17779140631479706 0.34583408799510984 0.5825872422856722 0.3546221366530923 0.8546448533529567 0.8256269642669436 0.5004444704572004 0.36273350063150966 0.3966282659274695 0.6764573916159298 0.26617808663172043 0.6808131986031717 0.6183961928825705 0.6802106889880293 0.6797163919636109 0.42114340276873424 0.77540037428022 0.8283147972475997 0.2037611909610979 0.6659591811592247 0.8350764156320116 0.6981868001296804 0.4980382415704095 
0.6155859905833538 0.7785359923254542 0.5448298966263581 0.13495202350376406 0.24142499366203296 0.3536614367425385 0.9272286486007092 0.6766847455106486 0.6849351936047061 0.41094725410853006 0.6723110548042885 0.5982080483070664 0.7859716611015951 0.38243014322737734 0.4271465336024313 0.7580782065219053 0.5794552944026858 0.7672172523656927 0.16572669682950103 0.9213944122458135 0.9340645973816156 0.2521640098211936 0.5589504240398795 0.6216136612601506 0.09558055433420887 0.4796078361355805 0.7942361087748602 0.08547149261222703 0.30696874775118843 0.3468367670658498 0.304356452631992 0.18156430546383023 0.1404406464730118 0.2899404202208561 0.4756633315981453 0.7552126456997627 0.25250642897852854 0.9050622412567193 0.1995933852842256 0.10073637481171538 0.569133642576799 0.6868230269601152 0.7129178220029004 0.368426145790008 0.47248113651409673 0.40204774035637497 0.706695321838422 0.6245688621285437 0.6225669389829342 0.4513992463421148 0.3599131372387401 0.7343802764173689 0.35169436353136774 0.839417489802534 0.5133497035286958 0.5204748029816697 0.16102913460293755 0.09838589850360224 0.4129811905315296 0.535368025970755 0.19934351117487592 0.25535403921869904 0.25020473769644785 0.20949034053509696 
0.5398155611685019 0.47962650756001557 0.8264937271743975 0.18983596529287033 0.6894857167530257 0.6932744874802043 0.6766847455106486 0.5159940030427548 0.6019496168873864 0.16523207868463247 0.4369645655621032 0.485076245988968 0.7681446609376182 0.3479190246145935 0.6567974230224952 0.36662644387607896 0.7420190083421199 0.5785597447094417 0.5761254503235679 0.6419160690496735 0.5896906933512108 0.6630063781875524 0.8790186789168031 0.5353192333025296 0.8912812378186632 0.5703944510323654 0.38699447444455065 0.8951486835144531 0.06758909666584823 0.2837146576818714 0.08280302826411162 0.8959209658108729 0.3917681842997358 0.2741217821631577 0.33334563098819364 0.2539203984929927 0.3659585503206823 0.5150221991702968 0.7343790160890769 0.2539484410999729 0.5686383325421032 0.311240944370026 0.3829139489652565 0.40519338164772917 0.27442911331849923 0.5208243255426641 0.8138019737087572 0.6808261267985767 0.5920342429273764 0.9428376178445943 0.2662180090905477 0.8855582875827339 0.569108826144229 0.7056457214243085 0.7456927519796925 0.35569986894826233 0.5272112979651525 0.565927059087111 0.4759105582437209 0.535266789451299 0.3032894492942057 0.40654082929390684 0.5366758853348303 0.5428831850266738 
0.4970257904833103 0.41140010387844556 0.5705233388920912 0.3814415122805485 0.28925692177861967 0.5998796366837867 0.6849351936047061 0.6019496168873864 0.7071516473396873 0.15439121600325545 0.2698403940602679 0.4198571116869079 0.6225926447161537 0.4546594383588746 0.6597023405784874 0.44944590842463705 0.2578769967226789 0.8156938624730998 0.384331583539425 0.8719845929681623 0.8030585531436106 0.2907986643494963 0.8589298802273038 0.7501513949075709 0.7935734308796947 0.5118931734071308 0.48787163345496665 0.8787431889558142 0.6368726969461893 0.7971062312251276 0.3631479976528028 0.523995214433189 0.4362459802377093 0.24145556219465508 0.5006717874085003 0.5076472401934673 0.5574421887242915 0.48765482077912303 0.28480252760799485 0.3985281698858943 0.6745711604917178 0.24646520481928175 0.20796030245511737 0.12421379719479103 0.5060500685338183 0.7591016670937359 0.6990816443078929 0.48528684069520533 0.30212189171154824 0.6951765276300022 0.10844620807036037 0.19686535531278665 0.5633092601079313 0.7482902301317436 0.2789709907673078 0.6064292779748752 0.38735103680556154 0.5495481986919237 0.6244384891364141 0.7102478950448929 0.6189870475400884 0.23703980532295 0.44258546837157214 0.5726129329863366 
0.6040442828373459 0.5918675311862259 0.4000020878081462 0.4181710880248985 0.43366219051652516 0.6321241725598603 0.41094725410853006 0.16523207868463247 0.15439121600325545 0.7962209465688888 0.3491185530227638 0.3893212390781708 0.44486526406726856 0.6195199982777417 0.4476540492714162 0.38681717742281146 0.4431718860916259 0.3218390193246174 0.2482715819008806 0.41503339340222345 0.6162726316396291 0.6218203309512829 0.301622240666271 0.4301467110674494 0.20426970496283237 0.6156089613892787 0.29985269460253605 0.38525241200551713 0.44034712441869517 0.6108882979665295 0.7535786820712052 0.224708680432399 0.8338674539590933 0.537407277185175 0.7456741589481772 0.362190017351362 0.4456035978794899 0.6024470624553209 0.8882617141134905 0.32185328041891254 0.7775403756624883 0.6295379699397741 0.7739581977084986 0.6258028362974137 0.5204582356028629 0.5063293106435116 0.559297176816357 0.06205135564740433 0.28899990125423386 0.45561929030800674 0.5466165320219165 0.5171676737766205 0.3976134989132258 0.47983240832104773 0.6283372980147484 0.8089107370881647 0.6732483739051294 0.5037827571843245 0.19698056883870285 0.47515611221899834 0.5418015405470773 0.4506433475392587 0.5411061516596127 0.42638611016421885 
0.5725118467659853 0.827268149413252 0.4080711836738959 0.3127562100395588 0.48059816756203544 0.5334780571696569 0.6723110548042885 0.4369645655621032 0.2698403940602679 0.3491185530227638 0.8836595046049749 0.5037719160176428 0.36997424786135397 0.6007835568551552 0.4611913891454416 0.7050059031975882 0.9201624635433294 0.5303675230361397 0.2290224735359036 0.6019725531691762 0.34602114358221503 0.7423417617043806 0.680637075600075 0.5554638001639338 0.4257321890985509 0.7205159143108546 0.7377399579321526 0.6328012064450668 0.5134823854581156 0.4945179864719107 0.23973238602849722 0.36256849955190923 0.6055661252050241 0.4710437187471896 0.5203651779357614 0.5363040595720097 0.8283391445231337 0.2557259101414369 0.49680788300190293 0.2339650391149622 0.5141602357766889 0.24906587447532913 0.4094119609122536 0.3760123156722862 0.6028547521027141 0.7154517929615557 0.49263853498166776 0.34158860991334344 0.49632222887787975 0.5633552261984294 0.34235746160711533 0.21636699151232663 0.675316754069055 0.29500957355306207 0.26658123534660483 0.1887871994750917 0.3183074222976216 0.5817014335913133 0.4308852461116722 0.2683128669073447 0.6064982840024208 0.5871875429124955 0.2941159347392227 0.3830804985501011 
0.6321696660518006 0.580596995081847 0.6013166558498213 0.24672446588128277 0.6621361800603298 0.49838141815048026 0.5982080483070664 0.485076245988968 0.4198571116869079 0.3893212390781708 0.5037719160176428 0.7073375121833749 0.6778369636702768 0.43659612660646996 0.2786684250002417 0.6614250397024135 0.203548070079014 0.47270704730618934 0.7572164083850126 0.4154193959771114 0.21406815721796063 0.25353608302755537 0.5894163895994701 0.2350352827042998 0.44363576521845477 0.36689598574547067 0.4713262489451779 0.222994532342644 0.514371764504654 0.5685575966367489 0.4867099690650893 0.21419452486515428 0.6179001257374044 0.6809368833719798 0.6943578484815665 0.8391165107460696 0.7755003268098679 0.5402105905335937 0.7175355353081295 0.34816056410374474 0.3895688004574647 0.477053658109975 0.19219031855196345 0.4860180406949416 0.28397239562874166 0.4960970662784678 0.7622450354104789 0.8388329734215753 0.48825187270387793 0.45748222283867407 0.5422245231653965 0.6378922156445215 0.8129138417728493 0.4662584735416125 0.6179934932497302 0.5542639230551452 0.6320456725376917 0.6007132469321765 0.5979748106538696 0.6079582408874652 0.22944449530914512 0.6212183664780739 0.4859134519753418 0.3833071543654805 
0.652179872773468 0.7549158398176142 0.5667490322443862 0.5546195840777884 0.2837417894703245 0.3553914168533905 0.7859716611015951 0.7681446609376182 0.6225926447161537 0.44486526406726856 0.36997424786135397 0.6778369636702768 0.7189038122187801 0.3494430071843694 0.699447684656144 0.4204901572081592 0.454236934620119 0.6138337001636122 0.6454616782636218 0.6546288331234509 0.25193145441457093 0.41479115755293633 0.6666236703912305 0.4231719463522391 0.32586821784954717 0.5450569474385041 0.3325219301763106 0.4928825618988216 0.9792847841424707 0.7379339835590917 0.6950565491640565 0.35616666758361604 0.22539816740656587 0.5828325941289 0.6665076023629195 0.2869130323850524 0.5652357685383842 0.22837817714604702 0.7106956739176777 0.8349295409565973 0.3985135914945491 0.7415235885861942 0.44885977798684185 0.7515732778312049 0.6066195843958697 0.7502543746393107 0.5355426577713558 0.7693919520414569 0.7615409371947908 0.32949242350730473 0.6901086289697702 0.5032211369219282 0.5066361216139361 0.7792498594021625 0.5907645776512198 0.5278247506001731 0.3159290507093401 0.021375968018761182 0.8374495104025248 0.4894786956339011 0.3835686250516869 0.6176533681683087 0.32661155090345584 0.613508509170638 
0.5440399099101783 0.4924735494898499 0.268494385736189 0.7955175702722046 0.5910659204564841 0.493799218966901 0.38243014322737734 0.3479190246145935 0.4546594383588746 0.6195199982777417 0.6007835568551552 0.43659612660646996 0.3494430071843694 0.34466620340777654 0.6240079992705125 0.296205647791213 0.47482753675406897 0.5627143385350688 0.35457960064476546 0.511817106547005 0.8229253714031204 0.5374296499790318 0.42596789639947896 0.6418863223676711 0.5687982616097788 0.29977805294148513 0.5894158504656926 0.4990832715315146 0.1456571258563807 0.6070872737929309 0.32790538734976443 0.8746045796893891 0.6624466946588266 0.6987059957236108 0.8926403809075755 0.8268322473246597 0.29552560662859745 0.8240315414117416 0.8002769362423334 0.7145728468160797 0.5957479056604371 0.5596942909883268 0.5738812821166984 0.28469510692556654 0.45425638408195324 0.4571042307950415 0.20477844353013025 0.23755233259315345 0.27424545593451144 0.3230343508742672 0.23494890887163522 0.8212361255524501 0.29779689442878465 0.728433516223733 0.21354926834492638 0.47374897650282627 0.4102129600136447 0.8304776008236585 0.6205256391209876 0.28800853830100004 0.39691762286873655 0.5329867004525424 0.44136138642032074 0.36678154578455835 
0.45900079824334644 0.6879933817175184 0.550774162250243 0.5306303934946311 0.24206244674759192 0.6882201160590075 0.4271465336024313 0.6567974230224952 0.6597023405784874 0.4476540492714162 0.4611913891454416 0.2786684250002417 0.699447684656144 0.6240079992705125 0.04908581685135427 0.371504644317307 0.18187119795345252 0.46399292217250937 0.40790616313990935 0.5340520512295616 0.3703827272167313 0.30872491884685693 0.6127576129655639 0.5810747728326475 0.5984811533324749 0.3016833624544141 0.6460071255614046 0.3105442515182777 0.4266425152355254 0.3548396738376931 0.48039906321045905 0.241490347695548 0.40676936530641106 0.5386081801887079 0.2602770382830818 0.7423828003657293 0.501332099225351 0.5331076412623865 0.8954341465335087 0.3191367860451471 0.5606410450453125 0.48247498290067736 0.5646639688929204 0.562176746706091 0.745006775381365 0.17232986485258162 0.3008859149095677 0.6025673428715628 0.646735097584763 0.47793387486699906 0.8372389566054944 0.6243239895133947 0.7841058062659814 0.8193371016947955 0.17983421942899025 0.5931925841059591 0.8533817724736393 0.9550215976191428 0.599728476891829 0.469296892555321 0.30314209862287445 0.8045365454111336 0.5491632052784532 0.35617246312600137 
0.882178028721436 0.40099594772085456 0.8239223731046261 0.2896245149441499 0.5292128406614036 0.48254932537450124 0.7580782065219053 0.36662644387607896 0.44944590842463705 0.38681717742281146 0.7050059031975882 0.6614250397024135 0.4204901572081592 0.296205647791213 0.371504644317307 0.31816774443917617 0.5706822716364723 0.48735882082505666 0.8781378214412572 0.923823418831687 0.7474452786350023 0.3686904583264589 0.1647639922843212 0.3269690059879614 0.9276456932562118 0.16047241708203147 0.6484817660028641 0.2772325526504302 0.7658025172310596 0.20267071193618363 0.4938773811709158 0.5761873529442928 0.5010729124642369 0.5020750041279143 0.26547191178486895 0.3692917186044417 0.6538806520425351 0.1634593093122383 0.5029195887945876 0.03851179965775087 0.1170788235884177 0.6976390488101585 0.2727466958654312 0.597582341761876 0.525602087421203 0.853591837519273 0.41081615839658675 0.8712000846557744 0.7270079850297544 0.5001093299304386 0.7726985185774502 0.2828435572900347 0.2325681963442004 0.6547317401406813 0.8149129447576386 0.3048195184686518 0.5457773814745455 0.360840426155073 0.9376611733532096 0.5489977389316398 0.4479533985715366 0.721773307594249 0.7297730590897278 0.6023679598994733 
0.8163648181514291 0.5521112016358509 0.8754073569368006 0.5273152864368389 0.3445135176774101 0.2190401450136475 0.5794552944026858 0.7420190083421199 0.2578769967226789 0.4431718860916259 0.9201624635433294 0.203548070079014 0.454236934620119 0.47482753675406897 0.18187119795345252 0.5706822716364723 0.03797984410220001 0.545974236989284 0.8616102300927007 0.661412955736419 0.167384057560369 0.29769742802833526 0.40157255187205254 0.2925393380409801 0.2665337619164178 0.8122932736809105 0.20072488869309502 0.6943912515539268 0.3552796163056939 0.35560435568444343 0.3473312689589929 0.6049192124947336 0.3269777437417174 0.7726942350644959 0.2413868920595061 0.23419109466921945 0.5520959909193661 0.9411726046972109 0.5763208209434789 0.39162618514960473 0.4550376458122173 0.7260255417180449 0.5923079364802112 0.575739015594375 0.3704909554059033 0.4274001665199589 0.3822659334494546 0.5743923835721907 0.5984510562642199 0.15343117804522044 0.3960268642007644 0.5538212387812076 0.6990468387889874 0.5599271854746488 0.37407289750424855 0.4038503372225874 0.6088955022145559 0.8517731894642244 0.24854527727401815 0.359906047932687 0.6272550175818463 0.6314469460790884 0.4630316385222682 0.7708677135935946 
0.5810700707036115 0.7900404115879482 0.34528630948710715 0.19342436824828024 0.28296043972311413 0.6865980350648735 0.7672172523656927 0.5785597447094417 0.8156938624730998 0.3218390193246174 0.5303675230361397 0.47270704730618934 0.6138337001636122 0.5627143385350688 0.46399292217250937 0.48735882082505666 0.545974236989284 0.2823632237737421 0.3726894647165504 0.6881710868041677 0.3744065339349493 0.46049471608847325 0.44147491017184154 0.7391207793042271 0.6224248982636627 0.7911896519530651 0.2329913524037276 0.6286922192288225 0.35740345391938083 0.6442407418719889 0.42027579379212004 0.46061675216742864 0.6277137388976733 0.16424488012711697 0.5121417253212524 0.6223158287642807 0.4805624515808293 0.583260071002777 0.452721323654704 0.3227619597854284 0.6392262926059484 0.5014884439704368 0.555406619931974 0.3500792242835781 0.6098548092970404 0.5892269938725154 0.2209948125215705 0.8294298008010654 0.18331952184671585 0.19397475051103724 0.6885294478019948 0.5771688598202989 0.7311127597839225 0.07166696467139888 0.7733163501784737 0.293577947617712 0.6471032259687228 0.31261755131288127 0.28939304138686167 0.291829631217976 0.4166960383564216 0.6228124274473748 0.14554977950505715 0.342956471916939 
0.488130977809332 0.34099933269409416 0.6505163970397942 0.5251680651967974 0.6643597735082221 0.5838878439432631 0.16572669682950103 0.5761254503235679 0.384331583539425 0.2482715819008806 0.2290224735359036 0.7572164083850126 0.6454616782636218 0.35457960064476546 0.40790616313990935 0.8781378214412572 0.8616102300927007 0.3726894647165504 0.20609795182664326 0.3647910410300496 0.4475262228687989 0.8747428340726949 0.494494756770132 0.24261361727239894 0.45603006966821097 0.04414713642136914 0.5982881230937607 0.4520355713267858 0.4575148183953603 0.2885787647879284 0.6781903589958332 0.3308962289303919 0.7091987940938967 0.728644067098821 0.5642337481776314 0.6225907519311241 0.31022909378576785 0.8226126935580562 0.6238204192866253 0.2721744750525605 0.5538909251715678 0.2557563472662882 0.35809204868499933 0.17180930083547136 0.7196018359789433 0.8093560820595046 0.07974652015710637 0.282703394690245 0.4120889757110378 0.8526457889203338 0.39245020171988354 0.6379433239752113 0.6297236051138122 0.8084856759360802 0.537864440484358 0.5816896333788504 0.47789231623808154 0.3707788190161468 0.6398080887210935 0.160512076704306 0.44530339493394794 0.6958601195560561 0.5207590648284798 0.37129339630679237 
0.5244911072283613 0.5004669314379815 0.3959364957609889 0.5181304235362663 0.3571777838147052 0.7142251774840944 0.9213944122458135 0.6419160690496735 0.8719845929681623 0.41503339340222345 0.6019725531691762 0.4154193959771114 0.6546288331234509 0.511817106547005 0.5340520512295616 0.923823418831687 0.661412955736419 0.6881710868041677 0.3647910410300496 0.061495282754782665 0.7272547593141118 0.4505585162177429 0.9000699022010228 0.7858151829423942 0.6704709693316068 0.3296953876597192 0.6146687535125415 0.408898334249678 0.4494209295236607 0.6474430538792765 0.03253946653504902 0.43709139849835554 0.5422596688699004 0.4648835418778173 0.2222648381622695 0.07718745927314624 0.8263172888201917 0.5728577016799858 0.5488893260910996 0.5799980229220925 0.2379242828089002 0.5188008681534169 0.3892709554257496 0.4586780364105906 0.2271566971895022 0.3795604346739244 0.5799670011006406 0.6339705915988911 0.6299449981729809 0.4087621230140307 0.23034298916110374 0.6792498993342523 0.7872373053103403 0.5855344923689487 0.44447288654386075 0.553951810955057 0.33569047572177496 0.4852152676243078 0.30546889958581025 0.9220649784066559 0.4376709711488149 0.3392999726564618 0.09970126767828674 0.6278628540853853 
0.3312468621557774 0.5522779968707283 0.46697544513990286 0.7733610240313304 0.5511376480142989 0.16091315947357715 0.9340645973816156 0.5896906933512108 0.8030585531436106 0.6162726316396291 0.34602114358221503 0.21406815721796063 0.25193145441457093 0.8229253714031204 0.3703827272167313 0.7474452786350023 0.167384057560369 0.3744065339349493 0.4475262228687989 0.7272547593141118 0.650118489659513 0.754041030446778 0.8522470680485211 0.6885555910709267 0.47301426356726045 0.11986021888702358 0.211888999228237 0.5971646733786079 0.7454016922420004 0.3562485727323913 0.5207583347986151 0.32021468885232424 0.33644084874528923 0.7953297603284347 0.8096062063243881 0.7624473197455628 0.6239675386682881 0.11884551802427845 0.7726307886584813 0.08931509178977753 0.21406227952657642 0.46936122887110265 0.21645808639616493 0.487646313094434 0.4946813177570509 0.6125224085365275 0.5401194174542774 0.1164907427940739 0.44197333135332606 0.6700808021382328 0.6606480815279698 0.34238925611524174 0.718714633560277 0.43221512560778164 0.4722166020559092 0.11468162714960467 0.7500908606510872 0.3177288364850181 0.5018930769233423 0.5250508274491643 0.4159013365810383 0.47139824623118265 0.5130009614660489 0.32363424380528877 
0.46362387191364934 0.20135007686176792 0.4323194889855331 0.5469017776722294 0.5212232730392865 0.4271659497323159 0.2521640098211936 0.6630063781875524 0.2907986643494963 0.6218203309512829 0.7423417617043806 0.25353608302755537 0.41479115755293633 0.5374296499790318 0.30872491884685693 0.3686904583264589 0.29769742802833526 0.46049471608847325 0.8747428340726949 0.4505585162177429 0.754041030446778 0.851638807637745 0.5794993538758733 0.6218694493628953 0.606168852394878 0.7008418038623202 0.10160610253861124 0.6193233190361542 0.2970536365208584 0.824057901044588 0.441723840576029 0.24328759530020766 0.3241728719068462 0.7868021188056016 0.5965939195842114 0.4321407876778569 0.5456436033956595 0.26598062006174056 0.7984480457405152 0.8338481149266213 0.11493299909905269 0.6769641513665101 0.5551359180202731 0.7151825187546201 0.5915394166270966 0.8145486055889011 0.3991156604350289 0.5397151524678794 0.4426984066972743 0.6787152222581603 0.5711157026805975 0.3501934292899138 0.3277117803487821 0.24635634090001085 0.6814123344925925 0.8195723089277342 0.491915546008822 0.7390832536378359 0.5288854136723037 0.07909527351014423 0.7766771440737158 0.6587429692596446 0.11701263132620587 0.31130056799802985 
