16 2.8085240935764197 13.214114431178587 264 2946
27 68 31 75 52 27 63 1 71 9 39 32 50 77 64 33 
25 86 38 28 48 1 86 94 1 37 27 61 42 65 62 42 
41 85 20 43 56 98 37 8 37 57 3 55 34 50 2 83 
9 88 76 65 23 81 99 82 77 25 66 49 38 87 36 90 
95 24 44 81 3 97 23 72 74 30 38 33 44 31 42 74 
77 29 56 12 83 48 37 72 57 69 80 43 53 2 34 73 
70 98 90 67 11 64 80 44 13 86 56 90 35 59 23 5 
85 72 30 43 65 90 41 37 23 62 99 1 43 47 10 11 
54 90 80 10 42 86 60 10 21 89 89 83 52 43 81 21 
32 64 16 65 2 21 92 16 43 25 23 13 20 53 61 32 
45 63 18 34 67 60 73 81 100 68 38 42 47 28 99 88 
45 93 57 99 37 59 92 75 86 10 78 33 93 12 14 5 
2 80 11 35 19 13 8 32 10 17 83 34 84 90 64 4 
16 43 34 9 91 86 72 3 28 93 54 99 59 35 72 66 
52 62 88 86 4 27 97 68 37 54 66 38 11 37 49 14 
90 81 29 69 67 66 77 31 69 96 14 11 52 62 84 44 
0.7737348261344194 0.3482680326358239 0.6049736773355727 0.062249128792278396 0.4601615543864827 0.8633504774973682 0.4045750384357805 0.36969346172572654 0.5845624773501644 0.334108864243829 0.4833563652493244 0.2950749230778869 0.6545169679521867 0.297202149532043 0.7121227198562543 0.41414303422595666 
0.3482680326358239 0.8315436261144419 0.40207204012873643 0.7964100035926016 0.3371815115513451 0.4387966261016536 0.45532579330299305 0.43546631810173286 0.4544364665515946 0.23893400133782072 0.12146280230591194 0.20366456504385094 0.7415385062996047 0.6813759804545173 0.5844474760292848 0.4650684616336398 
0.6049736773355727 0.40207204012873643 0.28038112638372525 0.3596777117489195 0.34029087411052444 0.3423213352831375 0.7576869131575945 0.5376287571242127 0.40834390395197007 0.6962066150332713 0.37933356099584553 0.6809461191535795 0.07313796368963527 0.6365101321833058 0.1980399977242508 0.2275277241367879 
0.062249128792278396 0.7964100035926016 0.3596777117489195 0.3645777733079145 0.8410082305229004 0.1566397607854989 0.10311601711536522 0.8112378214915223 0.7215311575038446 0.735614682716381 0.3215377252495795 0.2240994011098127 0.8938535879788571 0.39306106742223185 0.8930747643140184 0.8069592019322499 
0.4601615543864827 0.3371815115513451 0.34029087411052444 0.8410082305229004 0.3121822485755775 0.34221408145717946 0.7979323344483933 0.31120838483116586 0.2497298107138084 0.2533092779813242 0.5514367221870464 0.5904468722812661 0.36788864058451815 0.4192625889701706 0.3357427036041198 0.7472689777116102 
0.8633504774973682 0.4387966261016536 0.3423213352831375 0.1566397607854989 0.34221408145717946 0.2586606823426515 0.4350803683255712 0.42454165624605866 0.5406865850251653 0.34128535227281837 0.8131727561336834 0.897605914977637 0.5319694507445282 0.44570484371362573 0.24936931343827023 0.2812101479926823 
0.4045750384357805 0.45532579330299305 0.7576869131575945 0.10311601711536522 0.7979323344483933 0.4350803683255712 0.7368119600610755 0.5815657477938456 0.47310083732155506 0.7935390691000068 0.1865116282085138 0.6635598674421985 0.8167599983396865 0.5258076849880897 0.4190957404174868 0.833085146313933 
0.36969346172572654 0.43546631810173286 0.5376287571242127 0.8112378214915223 0.31120838483116586 0.42454165624605866 0.5815657477938456 0.7208481417051088 0.4862343748253302 0.7713557295911926 0.7302537463155669 0.4499318775452655 0.3297158884160851 0.6297497258263465 0.7170589012209878 0.6912598817479211 
0.5845624773501644 0.4544364665515946 0.40834390395197007 0.7215311575038446 0.2497298107138084 0.5406865850251653 0.47310083732155506 0.4862343748253302 0.9012229938735966 0.8631165785077615 0.41624506789076043 0.19471002852542157 0.16198973430383495 0.7286885464087691 0.6901743390120192 0.15667824094673938 
0.334108864243829 0.23893400133782072 0.6962066150332713 0.735614682716381 0.2533092779813242 0.34128535227281837 0.7935390691000068 0.7713557295911926 0.8631165785077615 0.9229916115481511 0.200443722953285 0.6745316600751459 0.6817972528736987 0.22613270500492788 0.12948824346072269 0.487662163539923 
0.4833563652493244 0.12146280230591194 0.37933356099584553 0.3215377252495795 0.5514367221870464 0.8131727561336834 0.1865116282085138 0.7302537463155669 0.41624506789076043 0.200443722953285 0.0988066900581539 0.7920982751355258 0.6335002422280167 0.7174504182359305 0.4555028385945178 0.6909690505019652 
0.2950749230778869 0.20366456504385094 0.6809461191535795 0.2240994011098127 0.5904468722812661 0.897605914977637 0.6635598674421985 0.4499318775452655 0.19471002852542157 0.6745316600751459 0.7920982751355258 0.9638032727054022 0.7008352580475559 0.46612058100173265 0.42257815958208517 0.774993870563764 
0.6545169679521867 0.7415385062996047 0.07313796368963527 0.8938535879788571 0.36788864058451815 0.5319694507445282 0.8167599983396865 0.3297158884160851 0.16198973430383495 0.6817972528736987 0.6335002422280167 0.7008352580475559 0.4656402054153751 0.6366093087513526 0.43025688668787726 0.7287639610543794 
0.297202149532043 0.6813759804545173 0.6365101321833058 0.39306106742223185 0.4192625889701706 0.44570484371362573 0.5258076849880897 0.6297497258263465 0.7286885464087691 0.22613270500492788 0.7174504182359305 0.46612058100173265 0.6366093087513526 0.9597497824599108 0.3961971382187603 0.560503759567703 
0.7121227198562543 0.5844474760292848 0.1980399977242508 0.8930747643140184 0.3357427036041198 0.24936931343827023 0.4190957404174868 0.7170589012209878 0.6901743390120192 0.12948824346072269 0.4555028385945178 0.42257815958208517 0.43025688668787726 0.3961971382187603 0.17607237446795332 0.6298464608395654 
0.41414303422595666 0.4650684616336398 0.2275277241367879 0.8069592019322499 0.7472689777116102 0.2812101479926823 0.833085146313933 0.6912598817479211 0.15667824094673938 0.487662163539923 0.6909690505019652 0.774993870563764 0.7287639610543794 0.560503759567703 0.6298464608395654 0.0892122323132376 