32
66 54 100 87 26 26 9 17 68 96 27 13 66 83 53 82 99 15 94 14 30 67 7 95 43 76 54 97 48 100 66 58 
14 98 99 37 96 49 1 2 20 19 26 48 61 61 87 14 28 28 77 49 77 8 48 91 71 45 100 72 31 95 21 81 
43 65 9 95 25 14 87 59 59 56 82 7 40 81 52 77 41 23 8 89 87 98 18 88 48 52 2 97 34 19 11 97 
40 88 70 56 50 1 86 19 24 64 35 6 43 82 75 18 15 34 48 5 50 19 94 95 14 42 69 31 71 24 49 66 
15 38 21 5 27 76 21 51 53 90 96 46 98 89 10 29 92 59 18 65 70 35 79 81 27 6 99 58 1 100 7 79 
17 35 42 70 14 84 100 31 54 43 64 57 79 25 62 6 95 1 29 94 46 85 4 46 75 8 99 14 83 27 24 57 
66 20 6 79 18 52 90 51 84 32 33 91 20 31 17 91 49 14 7 73 33 23 6 59 50 41 76 99 1 85 1 80 
68 48 1 85 100 48 91 41 62 61 29 34 22 91 82 39 70 58 30 87 40 27 25 17 7 33 80 97 1 90 38 19 
37 98 13 93 78 41 78 44 90 85 27 42 20 13 93 50 8 62 47 33 84 75 94 82 58 45 35 87 99 22 94 37 
75 88 37 6 17 88 64 48 53 46 17 92 73 89 62 54 62 27 27 96 76 38 1 53 1 30 85 16 3 42 60 74 
49 36 76 5 92 30 70 49 92 66 3 83 21 37 83 31 98 29 48 7 33 38 95 36 87 71 53 97 55 38 76 74 
44 11 31 93 48 11 25 59 6 57 4 53 15 20 5 50 75 89 23 46 8 50 69 85 77 46 89 25 35 22 79 41 
96 28 36 78 56 95 14 64 9 29 90 86 69 44 8 51 11 56 20 37 54 2 1 52 27 26 16 19 16 34 2 37 
89 24 99 1 52 92 70 100 42 18 67 85 11 8 59 95 81 66 54 21 83 39 32 77 17 15 20 31 65 79 87 44 
2 49 79 60 100 51 58 89 18 17 66 39 28 48 44 18 4 64 31 87 62 52 76 31 41 57 97 75 96 78 62 21 
31 85 59 51 40 3 46 21 63 62 44 94 96 23 59 14 30 55 87 20 93 34 30 29 47 87 75 90 30 29 96 1 
35 99 73 93 85 88 16 16 10 89 49 36 41 43 41 33 57 92 27 80 41 19 82 1 46 14 58 60 81 93 50 87 
67 94 10 69 96 30 26 98 73 73 26 3 90 16 32 19 33 38 99 6 41 39 85 31 48 58 22 92 25 35 59 48 
18 96 72 23 32 85 35 3 2 7 72 85 2 59 43 63 20 54 41 33 2 82 59 98 95 20 55 90 92 31 2 70 
42 99 88 8 22 77 16 18 55 59 60 33 74 44 55 60 77 45 35 27 34 70 78 40 65 64 9 64 85 85 88 16 
70 4 31 90 30 96 45 32 66 52 56 31 22 99 14 97 5 38 55 35 31 100 93 33 91 14 92 67 65 37 81 7 
80 21 18 13 74 33 64 10 98 99 75 54 5 5 89 51 5 81 15 21 75 13 80 42 54 11 58 75 21 48 42 99 
46 19 13 6 58 92 62 72 60 4 25 57 87 39 19 95 81 93 61 18 5 67 64 73 82 94 15 31 79 40 29 6 
86 4 85 43 67 59 9 28 65 41 59 2 84 43 90 96 83 93 35 34 82 13 92 98 9 82 49 21 73 78 66 98 
84 56 47 30 76 22 21 67 76 95 30 8 13 79 96 80 64 2 52 47 3 16 17 43 14 31 27 15 23 9 89 85 
54 1 12 90 32 76 11 76 10 38 5 34 62 73 42 89 80 95 58 86 78 94 86 7 7 75 28 7 65 92 40 32 
70 51 77 67 76 48 92 26 27 12 45 63 79 2 48 99 70 36 37 39 44 34 57 6 96 80 34 38 72 79 25 29 
27 63 54 64 57 68 93 38 48 28 3 94 2 40 82 47 43 25 12 29 48 80 32 56 72 62 81 67 78 90 5 59 
92 54 32 9 85 40 50 66 99 43 64 19 65 37 76 50 62 16 70 62 71 44 17 68 94 52 41 44 91 39 6 83 
8 11 89 92 20 59 28 89 72 24 36 47 24 22 98 83 39 51 3 93 97 98 78 15 69 58 53 82 7 11 77 30 
9 81 42 24 74 62 54 13 18 60 60 26 40 92 77 61 2 61 5 37 55 50 36 27 56 6 90 13 43 66 46 12 
11 43 29 52 36 71 17 73 60 25 75 65 86 89 40 44 61 40 53 11 73 28 35 26 54 42 26 16 50 83 65 5 
72 154 43 93 164 167 85 128 104 152 166 122 94 88 94 179 89 177 118 83 55 82 102 103 113 148 61 122 111 49 13 10 
154 194 149 140 93 142 65 71 118 112 112 158 155 36 100 163 131 57 131 129 130 108 69 101 156 23 66 64 63 139 48 69 
43 149 180 74 194 103 58 163 165 112 86 120 127 135 107 70 172 191 177 139 104 189 128 111 112 71 62 111 59 58 96 95 
93 140 74 198 46 139 156 137 104 105 115 31 53 181 95 30 94 154 95 161 83 145 173 108 101 102 133 111 76 101 98 115 
164 93 194 46 86 110 33 125 145 134 38 137 100 131 126 94 103 75 73 90 135 93 130 108 83 158 94 65 130 125 59 110 
167 142 103 139 110 180 124 36 71 137 103 88 117 147 128 118 91 114 50 77 43 97 174 72 75 100 60 77 171 89 156 143 
85 65 58 156 33 124 30 91 94 54 86 98 144 48 26 90 32 5 78 60 85 158 82 30 77 121 154 94 43 90 91 51 
128 71 163 137 125 36 91 18 109 48 145 15 88 135 31 64 96 108 107 102 20 11 35 62 79 118 76 156 117 77 104 75 
104 118 165 104 145 71 94 109 6 100 94 138 128 153 117 127 130 119 95 166 81 63 40 132 79 39 121 132 37 51 172 84 
152 112 112 105 134 137 54 48 100 182 82 40 51 80 115 80 58 140 104 107 10 117 99 124 71 71 46 102 101 122 134 143 
166 112 86 115 38 103 86 145 94 82 96 87 53 75 138 98 40 131 135 69 74 118 28 82 68 66 34 69 147 111 109 141 
122 158 120 31 137 88 98 15 138 40 87 156 70 57 135 81 174 54 119 67 47 99 51 99 134 123 77 136 173 102 82 65 
94 155 127 53 100 117 144 88 128 51 53 70 70 97 109 112 141 189 81 40 73 22 59 80 141 114 108 154 102 122 93 64 
88 36 135 181 131 147 48 135 153 80 75 57 97 166 105 120 77 195 75 184 41 176 128 30 162 34 82 107 114 91 112 141 
94 100 107 95 126 128 26 31 117 115 138 135 109 105 94 61 111 86 40 137 119 119 108 83 174 86 91 116 112 58 184 79 
179 163 70 30 94 118 90 64 127 80 98 81 112 120 61 104 117 39 147 97 90 77 106 94 122 33 150 66 50 66 106 49 
89 131 172 94 103 91 32 96 130 58 40 174 141 77 111 117 96 97 51 42 52 150 59 94 73 9 27 93 98 27 190 33 
177 57 191 154 75 114 5 108 119 140 131 54 189 195 86 39 97 106 155 61 149 122 121 177 84 61 116 33 131 21 192 140 
118 131 177 95 73 50 78 107 95 104 135 119 81 75 40 147 51 155 42 90 78 18 43 83 99 92 58 46 103 81 76 47 
83 129 139 161 90 77 60 102 166 107 69 67 40 184 137 97 42 61 90 14 38 120 83 84 140 36 124 97 77 174 69 145 
55 130 104 83 135 43 85 20 81 10 74 47 73 41 119 90 52 149 78 38 90 121 137 111 82 63 53 96 144 136 70 44 
82 108 189 145 93 97 158 11 63 117 118 99 22 176 119 77 150 122 18 120 121 174 78 69 55 139 81 170 63 96 170 131 
102 69 128 173 130 174 82 35 40 99 28 51 59 128 108 106 59 121 43 83 137 78 102 54 38 154 117 46 62 55 31 63 
103 101 111 108 108 72 30 62 132 124 82 99 80 30 83 94 94 177 83 84 111 69 54 138 109 185 100 173 31 158 55 66 
113 156 112 101 83 75 77 79 79 71 68 134 141 162 174 122 73 84 99 140 82 55 38 109 190 118 113 170 164 68 184 36 
148 23 71 102 158 100 121 118 39 71 66 123 114 34 86 33 9 61 92 36 63 139 154 185 118 88 169 144 153 46 37 107 
61 66 62 133 94 60 154 76 121 46 34 77 108 82 91 150 27 116 58 124 53 81 117 100 113 169 132 75 136 61 93 149 
122 64 111 111 65 77 94 156 132 102 69 136 154 107 116 66 93 33 46 97 96 170 46 173 170 144 75 96 157 88 42 63 
111 63 59 76 130 171 43 117 37 101 147 173 102 114 112 50 98 131 103 77 144 63 62 31 164 153 136 157 120 108 106 99 
49 139 58 101 125 89 90 77 51 122 111 102 122 91 58 66 27 21 81 174 136 96 55 158 68 46 61 88 108 24 140 91 
13 48 96 98 59 156 91 104 172 134 109 82 93 112 184 106 190 192 76 69 70 170 31 55 184 37 93 42 106 140 18 116 
10 69 95 115 110 143 51 75 84 143 141 65 64 141 79 49 33 140 47 145 44 131 63 66 36 107 149 63 99 91 116 148 