64 5.232465104055482 58.76558554141584 460 12556
13 42 15 96 34 23 45 38 29 44 56 12 36 35 57 92 25 90 30 52 34 99 46 88 12 87 10 75 63 75 67 72 58 87 68 42 54 29 96 42 6 72 15 67 39 4 81 46 60 91 33 6 13 38 8 17 19 92 28 41 67 64 99 47 
36 56 30 93 47 88 87 85 16 39 95 72 79 83 5 19 19 75 26 9 92 30 57 12 39 50 24 100 41 63 29 42 38 43 71 78 73 44 73 88 9 50 98 42 3 3 66 71 7 11 94 78 47 7 32 73 72 40 75 29 43 92 81 24 
83 28 15 19 46 52 90 100 7 35 13 60 15 67 91 42 29 65 73 66 86 68 47 16 75 98 23 30 85 91 20 8 61 93 76 100 26 32 81 4 89 16 40 67 18 61 93 53 38 95 59 81 8 59 3 66 83 95 100 48 37 79 54 10 
82 54 41 24 46 38 5 20 41 3 67 72 95 73 81 54 93 62 40 10 60 95 51 87 81 16 19 88 64 26 87 63 1 30 23 77 45 81 27 57 48 37 25 76 81 39 3 25 26 14 27 82 81 35 3 55 50 78 72 98 80 90 10 79 
17 62 34 54 12 82 38 49 100 70 97 97 38 55 71 83 46 95 77 44 19 6 37 8 24 81 45 15 30 36 2 84 17 57 44 37 23 25 22 34 21 100 15 95 52 28 35 12 46 29 6 1 94 74 7 14 84 20 11 72 83 86 20 59 
81 27 75 49 73 6 7 57 11 67 32 8 23 74 6 18 44 91 71 44 2 28 88 83 80 12 18 14 93 71 43 55 43 63 30 78 31 25 87 45 85 74 65 27 57 80 33 11 6 48 15 84 14 77 19 72 16 39 69 25 99 7 97 5 
54 82 34 55 89 36 23 64 72 56 74 45 48 70 74 93 7 47 23 19 15 16 45 36 23 5 68 21 53 77 98 20 56 53 42 92 60 29 25 32 88 24 42 28 76 61 13 24 3 71 40 32 67 77 30 18 95 46 62 49 91 94 26 16 
19 69 47 45 78 39 51 49 87 89 45 32 86 35 69 100 12 16 10 100 57 83 6 79 1 37 31 16 17 93 68 85 61 26 74 55 83 47 2 84 85 73 95 55 49 31 72 16 52 86 18 22 50 32 78 58 50 34 93 2 31 74 67 89 
26 88 86 81 6 91 6 40 80 99 40 19 89 64 77 97 29 71 16 66 61 86 64 47 42 4 5 24 75 12 82 54 100 72 40 94 37 87 66 50 61 22 36 2 35 35 41 72 58 13 61 74 20 53 92 40 21 83 87 75 19 87 21 29 
80 22 50 26 20 13 31 13 69 56 82 37 97 96 13 91 42 49 87 21 35 86 55 94 42 18 25 66 81 56 27 89 50 1 6 28 10 94 100 64 95 78 54 42 9 79 99 59 92 68 39 96 56 92 56 67 21 28 30 11 84 81 13 4 
40 55 95 13 29 37 32 81 9 55 14 89 8 72 71 99 78 94 81 33 64 83 43 38 55 23 23 77 36 46 4 7 86 39 70 98 38 19 55 20 92 48 63 66 85 92 31 36 25 39 51 81 25 29 61 13 71 36 8 39 20 18 41 20 
63 23 32 10 30 8 44 81 54 27 14 20 80 82 91 5 37 75 72 36 81 40 43 52 3 15 26 50 18 67 90 66 82 4 3 55 31 44 99 8 57 63 54 70 5 70 42 49 68 29 40 68 49 97 84 68 9 94 75 72 1 19 8 64 
97 8 51 99 85 95 51 70 74 56 26 55 61 56 25 2 20 58 93 17 55 51 43 23 47 29 70 99 83 49 61 15 84 38 93 99 80 19 1 85 90 80 41 8 2 61 27 2 16 25 60 99 93 51 51 82 29 52 86 21 10 30 13 87 
51 78 74 13 7 25 23 100 97 61 94 100 94 100 78 19 59 34 83 98 73 71 64 91 26 71 33 54 50 62 26 38 80 58 21 70 38 92 50 78 6 93 68 96 42 86 67 38 43 71 51 39 28 50 22 38 2 23 7 24 58 100 42 100 
33 15 20 46 36 64 17 100 71 82 61 82 90 42 70 16 37 91 70 71 52 34 61 75 20 64 13 19 49 22 44 97 92 72 57 1 49 93 35 75 75 79 94 90 25 100 52 48 100 90 22 50 31 20 10 12 71 15 28 67 93 28 4 46 
93 44 24 10 79 38 87 88 56 51 56 82 45 2 32 30 84 21 75 10 39 84 30 74 65 56 7 86 27 64 46 80 53 7 83 90 46 13 51 53 54 11 84 100 11 96 45 12 7 10 42 15 35 84 87 30 1 20 48 85 8 28 76 61 
38 41 88 69 90 32 35 68 54 33 53 77 27 20 85 22 82 13 83 42 80 27 21 41 80 79 89 35 79 96 12 86 20 15 45 17 72 63 94 57 49 61 42 56 26 68 68 40 32 7 75 91 94 58 47 98 64 78 45 83 99 97 31 46 
57 61 54 63 35 97 47 80 5 16 100 19 99 87 46 31 21 2 7 81 76 28 94 98 48 10 89 17 80 59 7 28 48 15 97 55 39 61 36 40 58 50 49 78 80 27 55 71 85 91 58 91 34 64 65 88 15 47 56 62 19 40 25 38 
99 86 57 82 38 18 1 19 16 52 50 37 65 67 71 37 25 57 48 84 24 30 46 3 92 63 57 96 90 18 99 85 7 91 89 69 5 18 39 85 20 97 96 31 22 29 95 98 60 4 35 27 7 84 26 88 20 61 35 90 37 17 3 88 
95 21 75 39 39 81 22 86 23 60 10 94 43 2 2 93 56 96 54 4 14 83 92 74 92 11 76 45 47 63 67 81 5 80 45 9 64 41 92 60 7 58 39 36 90 14 82 84 57 79 55 50 11 80 84 5 87 99 32 47 91 62 8 88 
85 100 32 68 82 36 69 3 92 94 9 74 86 15 22 80 12 56 7 82 79 62 88 97 96 75 16 11 24 24 9 64 46 93 18 35 88 41 70 76 44 74 95 14 50 5 63 69 43 33 65 56 59 42 15 52 74 77 25 36 52 5 39 92 
74 7 48 11 36 49 69 53 85 53 10 26 52 68 54 57 19 33 4 63 46 25 79 24 58 74 72 72 4 58 20 35 98 98 27 100 43 65 16 55 22 84 8 29 19 78 67 2 96 34 28 96 13 77 78 80 43 46 92 6 69 57 5 83 
4 41 100 67 22 35 48 61 84 63 46 4 99 78 63 16 29 37 85 100 44 77 80 34 8 22 74 24 16 5 36 45 32 71 86 56 50 99 5 35 92 25 69 19 82 41 13 15 98 7 64 24 100 73 21 73 21 65 94 66 85 96 43 15 
2 60 57 53 49 65 8 84 4 39 34 83 93 49 69 3 32 11 10 16 73 25 43 18 46 66 6 34 3 42 76 21 95 61 27 83 32 98 9 75 48 32 33 27 43 67 74 33 52 58 58 34 54 46 76 25 38 34 18 72 16 49 69 91 
11 85 1 71 85 36 61 33 10 94 87 85 5 99 13 68 84 98 61 30 63 17 77 48 38 58 9 23 59 9 72 10 40 98 15 25 7 98 13 4 51 46 26 47 65 23 10 86 42 46 93 78 87 70 50 77 28 86 18 69 10 36 66 45 
1 48 43 56 36 66 49 15 5 63 72 58 7 31 40 19 23 93 32 7 80 35 15 24 73 80 91 37 12 55 36 23 39 80 74 88 43 99 56 61 41 84 21 52 71 87 18 85 9 41 25 51 80 97 54 74 61 44 95 90 10 32 37 91 
14 88 88 28 54 46 17 97 80 33 63 44 73 82 38 16 28 80 95 80 68 19 1 57 80 50 27 100 72 75 25 36 70 98 84 5 85 87 11 19 23 95 33 39 100 53 22 32 3 46 30 49 39 96 94 71 12 29 36 11 29 72 84 65 
86 37 88 71 29 13 73 84 47 8 58 67 98 19 48 21 69 39 96 29 85 25 75 50 73 19 59 6 98 67 34 31 43 45 85 98 9 6 4 92 50 11 82 71 7 17 4 18 10 100 80 44 53 91 48 87 49 88 7 75 90 97 78 80 
84 87 77 81 55 64 57 37 74 1 32 16 82 32 45 24 27 96 50 5 62 54 34 9 43 64 36 38 27 76 86 7 60 80 91 44 29 33 69 24 50 96 58 40 38 24 72 28 93 8 67 37 31 16 44 34 52 90 80 94 20 44 78 88 
67 2 33 13 6 33 53 74 24 22 20 91 98 77 56 26 52 85 56 21 59 5 9 9 100 63 18 33 17 44 50 44 22 100 69 87 100 49 39 70 1 15 66 42 5 17 26 2 10 46 51 70 48 99 53 38 19 76 13 90 14 18 97 36 
82 20 8 74 89 17 65 57 9 46 10 48 70 88 96 3 11 88 2 85 1 9 56 16 42 5 81 59 48 32 70 49 66 69 79 92 85 20 34 15 26 18 89 28 44 59 32 57 15 28 14 87 89 10 25 66 100 2 9 81 84 23 27 84 
95 44 28 69 79 4 84 87 100 50 45 23 38 10 40 99 42 90 43 96 57 46 8 40 51 54 51 46 62 42 86 42 56 99 67 85 83 41 22 9 78 80 6 91 68 80 5 87 7 32 5 4 96 56 26 59 100 15 87 40 6 40 92 5 
22 47 87 97 21 71 34 74 37 55 20 22 22 61 26 25 84 28 23 8 24 40 96 24 81 34 39 47 64 46 43 10 30 25 14 16 34 84 34 42 67 81 54 77 87 14 85 4 63 67 87 9 45 11 17 25 16 36 65 31 79 36 76 13 
13 10 82 90 82 21 7 35 72 15 55 5 85 37 87 15 21 64 88 49 38 20 20 88 17 30 11 34 83 68 27 46 69 97 47 30 32 54 2 52 93 96 73 59 30 6 23 88 10 4 62 21 21 97 56 30 30 47 88 57 26 35 93 64 
40 34 81 41 27 31 92 59 84 20 81 72 59 72 20 7 66 100 100 42 61 55 59 8 47 68 14 43 48 84 65 43 35 32 92 78 6 67 63 89 59 58 35 43 15 75 69 53 4 99 1 24 7 56 3 72 23 47 8 97 92 87 5 11 
11 7 35 19 9 68 21 93 79 39 94 17 66 44 48 31 22 72 54 50 14 17 9 38 45 81 60 89 53 4 69 11 23 36 39 49 67 58 88 80 73 43 39 51 12 51 66 25 13 41 97 88 97 49 72 50 91 41 3 46 65 62 76 99 
92 68 45 44 4 80 62 50 27 33 49 70 60 12 86 50 96 89 5 41 76 1 64 87 64 31 34 6 22 90 83 47 70 29 30 75 40 33 19 53 5 96 45 32 49 18 81 94 42 84 55 52 81 46 86 43 40 31 84 73 14 69 15 22 
90 57 86 23 84 56 55 24 49 70 59 86 24 81 84 66 34 23 20 97 81 6 9 23 29 65 100 68 9 53 65 35 42 78 76 38 86 3 57 22 23 27 52 23 34 34 32 87 93 13 6 99 37 80 99 66 41 3 7 25 83 67 33 53 
67 51 42 4 50 62 53 56 38 18 84 44 98 8 76 39 38 95 77 2 3 25 36 61 42 62 30 57 87 59 22 23 4 27 49 7 65 29 95 69 31 61 84 22 10 80 46 70 61 40 31 93 49 36 44 79 99 9 42 82 20 77 31 16 
58 34 36 71 43 87 34 16 23 11 43 84 96 71 87 76 89 38 87 47 95 51 17 78 81 91 24 27 23 90 8 58 13 33 26 73 44 93 58 94 84 65 87 40 91 18 30 79 96 90 26 23 64 48 5 15 15 78 78 26 34 62 78 8 
10 6 20 82 5 83 62 90 79 24 11 38 76 66 44 67 17 31 88 85 70 78 25 65 91 75 82 15 20 63 23 82 38 24 42 4 51 22 34 31 67 31 21 77 76 47 60 85 9 17 38 98 14 56 73 74 54 41 13 21 10 67 69 11 
79 57 71 26 67 96 41 78 89 98 53 74 75 97 26 71 53 25 65 85 25 8 3 47 13 84 61 70 15 83 43 63 48 23 95 2 16 38 9 69 29 55 40 33 49 39 83 36 2 67 14 89 20 10 5 37 29 13 36 19 12 25 91 39 
61 72 96 86 78 50 97 75 49 68 34 50 61 75 97 12 66 72 14 13 91 89 76 30 69 34 20 21 77 60 7 15 84 29 39 86 29 16 31 62 29 14 20 55 40 71 83 22 93 27 7 62 96 89 82 52 54 46 15 3 24 16 80 88 
9 50 34 77 71 48 72 2 69 73 10 31 39 48 99 63 29 60 29 57 94 78 56 70 42 91 4 76 52 95 83 37 74 56 10 44 77 79 46 52 48 59 70 46 30 64 87 91 16 55 12 95 58 75 68 72 31 85 53 37 9 14 61 50 
62 75 52 52 66 23 1 50 34 78 7 7 62 99 48 69 52 3 4 45 70 55 83 78 17 49 14 30 28 7 9 86 43 65 57 78 16 10 35 78 45 39 71 49 83 12 73 51 32 90 98 99 89 7 23 97 65 77 66 69 47 68 49 85 
15 10 30 57 88 65 45 64 44 25 47 54 26 72 79 52 34 62 8 59 49 29 84 40 34 80 14 45 57 95 1 85 15 59 68 31 65 20 77 34 77 72 20 83 39 35 59 33 88 13 55 13 96 87 87 95 91 87 63 44 43 92 33 44 
47 18 95 44 4 66 23 19 11 8 28 30 53 97 19 90 25 47 31 31 16 75 37 69 43 21 98 37 40 5 44 12 83 31 8 45 43 71 3 55 49 36 11 36 5 80 55 42 86 78 16 22 41 88 97 67 34 46 56 7 77 4 100 85 
54 54 76 28 40 72 49 83 92 1 62 14 82 74 23 92 27 65 71 63 67 15 88 82 13 49 85 87 7 90 72 69 76 89 38 100 24 43 6 14 32 55 39 31 73 34 96 99 38 80 77 50 92 36 86 65 97 20 79 33 81 20 49 76 
10 30 24 90 10 9 25 13 76 40 80 94 56 15 59 80 63 23 84 57 36 100 27 1 43 58 22 74 84 70 52 59 78 72 82 72 26 98 15 4 81 68 59 3 43 16 6 84 53 61 6 98 53 97 65 90 48 38 64 47 42 82 68 83 
38 9 91 77 72 20 38 42 11 3 56 46 97 64 10 29 87 28 79 1 96 88 1 2 43 4 5 1 13 28 49 63 18 32 71 64 26 61 79 95 34 74 89 89 70 70 6 80 18 100 14 95 93 8 33 51 14 2 36 90 66 90 43 63 
9 70 65 94 55 10 46 97 16 24 10 94 95 32 42 5 82 1 77 6 71 95 34 24 25 10 76 36 99 95 32 25 54 78 92 22 28 87 18 26 44 61 25 5 79 61 94 68 85 15 20 80 28 74 52 43 71 24 10 94 82 31 89 67 
9 90 91 54 95 74 58 52 21 66 25 15 93 88 98 32 24 99 10 88 17 48 32 39 92 58 94 31 94 26 81 25 47 14 97 24 59 2 83 33 24 75 42 42 17 19 36 11 42 12 59 2 70 77 35 31 44 15 80 26 89 72 52 85 
72 24 100 98 68 5 6 10 62 69 2 96 11 18 57 18 83 3 34 69 70 30 4 80 99 64 62 66 1 38 58 87 40 50 67 33 21 14 67 67 76 19 79 29 73 32 55 36 11 15 2 40 23 23 10 4 48 67 89 8 83 65 5 32 
3 62 14 78 35 75 83 87 43 77 73 3 94 71 34 21 74 34 42 35 72 47 2 70 40 21 85 69 10 63 43 26 97 35 3 68 89 98 92 8 1 19 80 49 18 5 43 59 85 44 28 23 37 95 11 84 18 16 46 58 21 17 34 17 
46 30 33 63 10 86 19 62 17 15 9 63 50 57 19 25 69 92 98 16 36 50 40 45 7 41 65 65 70 34 30 81 50 80 22 47 46 47 96 77 86 14 58 97 27 51 59 59 40 69 78 20 78 99 91 77 88 33 62 100 71 28 30 90 
59 49 52 68 14 79 32 78 29 94 12 34 6 45 92 15 37 3 2 28 87 52 50 34 100 52 23 67 32 75 61 55 61 99 62 6 40 87 15 40 45 79 64 76 17 62 99 31 98 71 57 24 54 26 35 52 25 87 57 69 38 8 27 87 
38 16 92 38 79 69 41 24 36 59 92 82 12 4 62 32 40 7 66 90 13 100 84 33 5 94 67 95 20 45 79 13 88 40 53 99 78 36 37 35 68 97 21 31 43 6 25 38 83 34 57 28 68 98 27 48 86 72 20 7 54 93 53 74 
54 52 59 30 80 93 18 18 58 36 28 87 69 74 63 35 26 18 50 66 76 54 55 84 17 66 73 90 75 32 14 53 38 22 54 18 49 33 93 15 7 40 49 13 76 14 87 67 63 100 74 17 77 41 90 80 55 79 75 99 68 50 34 46 
45 19 39 7 19 13 86 46 42 39 47 5 82 62 95 57 40 36 42 91 65 78 57 87 96 50 3 81 94 70 65 79 3 29 17 68 38 65 22 83 3 30 83 52 9 12 83 17 49 78 86 67 100 10 25 11 50 82 25 20 64 11 84 15 
11 55 52 80 84 26 87 56 47 5 75 54 14 76 1 54 89 16 30 89 98 71 61 98 100 94 22 16 71 36 18 74 64 61 85 43 9 74 51 85 35 86 35 78 26 54 18 8 12 68 30 93 70 29 78 85 19 83 53 13 41 58 70 86 
35 18 2 21 51 85 48 58 89 63 39 75 34 66 91 85 7 42 31 79 79 90 38 53 1 60 87 70 39 88 88 68 34 80 32 39 70 90 62 81 71 44 41 2 26 55 27 43 98 87 70 82 41 22 88 93 20 63 96 29 69 70 44 60 
51 52 31 31 9 54 98 93 40 92 86 64 83 45 85 16 76 99 53 83 64 58 70 48 16 66 30 83 72 15 55 20 80 99 63 49 53 88 75 27 74 52 68 98 27 12 32 82 36 80 97 69 67 53 49 96 23 28 25 37 89 76 56 80 
54 91 67 14 30 12 67 66 73 23 11 23 40 18 57 75 56 55 53 55 28 77 96 92 100 4 79 35 26 91 85 31 70 100 28 37 42 25 43 81 47 66 11 14 46 19 58 54 49 98 87 64 80 16 57 43 47 66 68 32 28 59 45 16 
81 89 45 68 67 9 13 36 58 85 54 47 85 80 62 74 36 85 23 83 38 16 34 39 31 70 22 12 42 87 20 59 62 92 90 39 64 82 65 43 39 40 39 15 22 16 20 86 7 55 75 94 77 65 5 20 28 92 50 10 62 45 10 32 
0.924307203322956 0.36237846123970774 0.9274850241244792 0.623869369024465 0.5856173076553015 0.4880170803451616 0.9406782012047847 0.3505007248948318 0.47882971732716095 0.5562111547533675 0.47202420582048105 0.731772685380875 0.5967857905472916 0.41275965377309864 0.15108695150832047 0.565286452147328 0.23976162446398624 0.4880536303739594 0.4732510580427777 0.45246779316573293 0.9015667132707728 0.5450361733774054 0.6243012220130334 0.5673843658330897 0.500465347146798 0.6180144951787249 0.2688954901128878 0.8109543855627465 0.30060919489571153 0.4311353024625061 0.3726562823802792 0.34447442763106684 0.23923070193522505 0.4025975311288119 0.37520677841549244 0.5417901624936232 0.3941600928209468 0.36023923483258447 0.6784047944546774 0.5137177917279343 0.9303173999905071 0.3717945352995923 0.47411819273310624 0.05485823859015476 0.6844906942120518 0.6783494725508462 0.40200564624238144 0.780940957844636 0.8483522161527322 0.3983327810439046 0.6767373486099172 0.2902649471837321 0.5797098961765532 0.6112389779295516 0.6259993046269094 0.5141020126665339 0.6643522122737078 0.5904780950289941 0.2689991635542518 0.7350102923384432 0.39682411157621095 0.17772917450718462 0.9143439164934875 0.5859433737765848 
0.36237846123970774 0.8978345503285605 0.7382014539862815 0.44458318287777093 0.35649709657507805 0.18627056241926476 0.7307607611330607 0.6010251960009461 0.2875152493470773 0.5614943817407196 0.5016637454912213 0.3054453084249995 0.4996869244142248 0.370124822610603 0.44513073568692596 0.5062652526733937 0.5111343365073238 0.5550092444372128 0.5153660625301786 0.41892591838660836 0.588901208558469 0.49840711377758623 0.33118444583614576 0.6744380933902072 0.26017656783139204 0.6973179779096426 0.2974873299262455 0.9256818346334887 0.5419491967795704 0.43675278351244057 0.15182657782373543 0.6233591033905759 0.5649828951640251 0.7256621681370259 0.3813087459254038 0.6807288668547666 0.7212859650170256 0.4663923637472617 0.3683663800619886 0.3990440176997784 0.48492423825809083 0.4143768461684331 0.959659640983545 0.6060274507747424 0.5269184194446286 0.8536501074093317 0.1169738782443 0.7594600948962282 0.29391238360953315 0.5087561816168394 0.29125361077768824 0.4528090510822533 0.6666367329950149 0.8253817419737512 0.5032652390766303 0.18448517228288497 0.1457774451513732 0.4569814113219331 0.7796165770447634 0.5959245087452965 0.7462645550888409 0.4987996697958568 0.5478463245860845 0.6443173638071368 
0.9274850241244792 0.7382014539862815 0.18654630307909692 0.5249224243882091 0.9305600799281144 0.4709511742714805 0.26425919460589686 0.5096887099365972 0.8101987848337077 0.7457008251809564 0.6358020146202811 0.6579562993336628 0.5425988359549363 0.16229443741003158 0.6733536210829904 0.7118876817669442 0.5453216168305292 0.15505597417499445 0.1015013535224687 0.19281042461697373 0.6077472526616451 0.47207771689122824 0.7328726984266152 0.38365648635286703 0.5739392949014953 0.2957632620995329 0.5396804263886867 0.41947228734040937 0.22661146033809665 0.5674234274779717 0.6627944519716332 0.5874087365012568 0.374272899227559 0.38046679147091617 0.48661631524126264 0.7794412467916292 0.8323407386887784 0.12789570717510218 0.911836815728956 0.888938565058363 0.7518053645753441 0.3508040773378484 0.3454089035307309 0.4104513364182414 0.7551956762300491 0.4704156574694758 0.7165893621551411 0.6450205657371506 0.7436518750732168 0.7355072601957664 0.5242279190390229 0.11981329525484713 0.5618763721933069 0.313279374715286 0.4736571072958134 0.8133834580607546 0.5103726081397164 0.648704269701935 0.4166985472147986 0.16949678826740083 0.7212366602538206 0.5855164900301318 0.5689984263072079 0.6713246433685969 
0.623869369024465 0.44458318287777093 0.5249224243882091 0.9437887588575402 0.808684608490685 0.8157135922472682 0.34913410973649056 0.8972859817374175 0.19858859543067509 0.47332881194817694 0.3813672008818418 0.7159751609992988 0.28146469162710924 0.4551651090791295 0.6582812413610197 0.04934680555323051 0.5717488555199626 0.4863828005602666 0.17506877835265344 0.5610728055258527 0.5812273457601307 0.7475403325008905 0.4435694304888748 0.550296625639533 0.5988263136891725 0.5987619113155414 0.6687244206946685 0.5873214438579671 0.5770330535796175 0.8000640402263078 0.04253423569003656 0.2693661653731408 0.4573447258641354 0.6198453291981254 0.18788968511289583 0.49270273306115814 0.3987943438379098 0.4061429332185195 0.37048628344851037 0.1584125373401727 0.5625803948046059 0.8226213095185906 0.6491788208277319 0.7103667043125215 0.52832063137267 0.2087042369346202 0.7326676296901512 0.4685501309195824 0.8115980577328863 0.41990474162770286 0.29661672596507155 0.4450020414934733 0.814132077466414 0.6792692425771979 0.6624972675365707 0.566697562484614 0.7655885025129902 0.3112602567539676 0.6390680844186256 0.12616583985066315 0.49115470525187455 0.48208457493491247 0.38666531924302033 0.5052682761053104 
0.5856173076553015 0.35649709657507805 0.9305600799281144 0.808684608490685 0.3942034905538544 0.5504982594065231 0.7873331118829924 0.1821029706456564 0.5166873517098152 0.11656685721838861 0.9365758706252045 0.45844677509533566 0.6569648386025786 0.6874918639394781 0.3673487440799845 0.48856153972179633 0.644363254865548 0.8864452491817955 0.341864681626534 0.19339854588827038 0.3455602944730081 0.5216340215306672 0.6139711945853235 0.6063005643017021 0.3951150320738795 0.13433417734751318 0.07125682401978134 0.5640569880815042 0.3991533688467612 0.7088773877337764 0.7639418033075961 0.9571394171014649 0.4401965675869109 0.43591669570040226 0.5823303313335346 0.6959390715115708 0.5766180718048111 0.7781335251508334 0.5593289250006448 0.6739769175701965 0.06859987431377884 0.554020843154803 0.6314561220633796 0.7039234174205536 0.37002793697314346 0.8809281035630645 0.5690255506340045 0.4280247996160292 0.500295552324147 0.34428390880155657 0.30701993120373705 0.0775505800886972 0.4143940221567237 0.34883129906118904 0.4050644172093187 0.5826910227610393 0.15974216601295427 0.62196858969201 0.07518308753123654 0.33924595994088597 0.5089836961745949 0.1409955664616982 0.5933599438215906 0.4730056007967945 
0.4880170803451616 0.18627056241926476 0.4709511742714805 0.8157135922472682 0.5504982594065231 0.7020623198413233 0.6824109354811462 0.5179577076083526 0.14991030600011707 0.518407422916491 0.3537597568661559 0.5790553385034449 0.4878274070991349 0.5489976481610068 0.2736218888342839 0.3050715672209209 0.530871820641732 0.3748559646991288 0.5460162090305336 0.6397589110178175 0.4989103684834577 0.3879447445771778 0.5632322498118063 0.7304051084855534 0.3284848717546019 0.4063943332977959 0.06163549718073519 0.35180127188046323 0.5451587678110827 0.5170434455770827 0.20922061007455672 0.4233835548796934 0.9484784853328079 0.7953363695997149 0.2416172182789097 0.5435701873937626 0.2805271199427904 0.38009549740164217 0.6258539958554143 0.2557294647371823 0.6483966319268282 0.3825001129411704 0.7769907619662653 0.30853012276553426 0.3929894240890137 0.5805818227838431 0.7458363054576206 0.7749867178109695 0.6637893158986764 0.6736185107097186 0.443386352013527 0.31947007149167367 0.40126097188520055 0.37656886193221784 0.4514219238102502 0.7119982776049147 0.4706616739540717 0.6627418692414437 0.8596724666566016 0.6851149919382036 0.7448942343533342 0.5522091846310759 0.5520525264195738 0.5184323560095073 
0.9406782012047847 0.7307607611330607 0.26425919460589686 0.34913410973649056 0.7873331118829924 0.6824109354811462 0.37878745460591123 0.32281857187700486 0.5649909128102328 0.6449707949435886 0.9225293118335207 0.5066950134417947 0.5055202495056826 0.35656326943261674 0.49511975061386204 0.4524152319108733 0.6784960667860793 0.6390622922109093 0.6974012745283742 0.3319744590428051 0.8005326958303813 0.31690787724401376 0.3075688472163161 0.6927281656710723 0.2527892412350527 0.330478419237538 0.45240774712995174 0.502362882100829 0.4041651601259614 0.936581210202704 0.6370513226756526 0.08520239372735833 0.7376026867109227 0.5838617640804107 0.45400256405083156 0.4888095655270392 0.4581613382468078 0.4363060038633426 0.25596651548659105 0.27995879009992314 0.27710477278503376 0.6535367318217333 0.44729594724970506 0.46439085523195434 0.3322456129629115 0.2931415661914919 0.3286442454431247 0.16489098043816608 0.44217411288770603 0.6051757629789183 0.5588811252983548 0.27485314459951854 0.4475292131739118 0.7089120945656666 0.3568953299120916 0.669647110468834 0.37318684949886827 0.7258665037463913 0.38352638661622024 0.43044815058622027 0.17295313941863555 0.30054371824917303 0.3173125334002577 0.45223446626127295 
0.3505007248948318 0.6010251960009461 0.5096887099365972 0.8972859817374175 0.1821029706456564 0.5179577076083526 0.32281857187700486 0.29214382627471325 0.38167508286720275 0.6004514185783225 0.4387798252172321 0.7135220730283992 0.11869110327661897 0.7399378583464333 0.40733843311118845 0.7050886952739623 0.5768077105413385 0.7213457581827498 0.5219248420213713 0.6553971007116659 0.18060548492936657 0.5148737149554112 0.47589152002367596 0.30077059327004546 0.5091355748717603 0.3402476726339623 0.7584061571873324 0.4923056959646059 0.5191095774692565 0.6871514907771623 0.45802750284872024 0.4806075007057816 0.47359309554975265 0.28896510917275253 0.43139467707263607 0.28351512164747683 0.35637995844073556 0.45194749457465294 0.37707791573968763 0.4907226561944747 0.3517613565241822 0.44607255275671254 0.6441066175684457 0.5679152903404365 0.49826492430293623 0.2938682108172078 0.4634864627300231 0.7590559203256716 0.5458392322489152 0.5468832181664567 0.3496482088231826 0.7172188378631535 0.8666016171701403 0.7359797594270776 0.6117795454295073 0.08972031708998024 0.3432341478824484 0.6086117381435399 0.3171788377339877 0.24531893610734062 0.467581151172861 0.3677027613206256 0.740480781600924 0.3512932943627448 
0.47882971732716095 0.2875152493470773 0.8101987848337077 0.19858859543067509 0.5166873517098152 0.14991030600011707 0.5649909128102328 0.38167508286720275 0.14138500061947268 0.552633042528077 0.5165919285365387 0.4093220940279161 0.30364390049909323 0.42080929567918735 0.34928039340981687 0.6316767662363152 0.7210847745192833 0.3817962051346368 0.4249829313898664 0.36727006441170296 0.5236043517426856 0.8834335072077734 0.5015723914143378 0.1896387400796437 0.272975283226048 0.45458584795084084 0.9899302144846523 0.5489916071395605 0.894997778848531 0.8103731187153408 0.8796444093413375 0.5847100352824597 0.6937990813930834 0.6996629360827193 0.09301221433944046 0.4631707421469676 0.8371189333481133 0.682936400825644 0.6019678830600923 0.7298341874088234 0.43303795315375954 0.3145041523477432 0.3218503679790385 0.5336875070615523 0.6762897011290396 0.5913530398864026 0.3773128133778508 0.7219429706544325 0.5892685717704836 0.6280027637612425 0.3165566924059246 0.51808308593563 0.4269140008854242 0.6868930521627501 0.17209649196152033 0.38440999604525167 0.775473545687873 0.3022806074356472 0.27846978096387787 0.3238873238683565 0.5501656653181988 0.8458999145927495 0.8247758759404905 0.6864494371407108 
0.5562111547533675 0.5614943817407196 0.7457008251809564 0.47332881194817694 0.11656685721838861 0.518407422916491 0.6449707949435886 0.6004514185783225 0.552633042528077 0.3524251094929636 0.21702078373678624 0.39809301312753914 0.49955263801518984 0.07789863366107191 0.23112404609083526 0.7027452604949256 0.6034467935776088 0.20317827744040612 0.3607347344707618 0.46985092760460107 0.45261444874799606 0.44593228596091034 0.3156233347506766 0.6958616665255115 0.4917918962480421 0.2606015210871628 0.4424296358053581 0.6766140121458984 0.5450735195736122 0.3650584652036241 0.5019324553485502 0.46273066920887607 0.34037210261354034 0.40294859057133925 0.655865852553335 0.2327965197943021 0.7308331983832338 0.5790969009915545 0.5034585521255366 0.20716479787972036 0.6407462723446069 0.4021280433647651 0.5557239428558817 0.45218804512695543 0.37138265372693124 0.612805318548534 0.22394256485910585 0.30082037218357804 0.3794052409186353 0.5989499966787084 0.49762084771131593 0.7794887989143899 0.5108554046721688 0.4518379047851072 0.27890884763131646 0.7764565513023816 0.6385377044357414 0.451031637681008 0.859050983178077 0.4470821234302983 0.40731134079919135 0.3666045079455505 0.4203518542004186 0.8479420879943604 
0.47202420582048105 0.5016637454912213 0.6358020146202811 0.3813672008818418 0.9365758706252045 0.3537597568661559 0.9225293118335207 0.4387798252172321 0.5165919285365387 0.21702078373678624 0.33851670022911906 0.29571156052665365 0.3924867481302274 0.4436455103150315 0.7915890849601135 0.5410013147806518 0.5639303288451485 0.36754193038083033 0.739050974066042 0.21114976700753796 0.41615254891723197 0.6676334621606479 0.48089381906070394 0.6091747445665014 0.34756258020707825 0.11599602963601757 0.6648832519076909 0.33637067873338217 0.19274534209180255 0.4571679879672059 0.11001615046710028 0.42812764912284457 0.5974749705569768 0.31573557052185114 0.60745180902801 0.36417233272430244 0.8923941937795035 0.9083081280187173 0.46985241307148473 0.6539590007804936 0.3527537950846429 0.2435660801523845 0.5421796241729184 0.7767203390834108 0.6292020553011093 0.45348220531679334 0.40171357978737526 0.29828166937434697 0.4055414866328106 0.8967312515653199 0.28990759222034884 0.6189367894917365 0.4796169970838583 0.2433543641302034 0.46310993377252635 0.5097380606361375 0.34512607967931225 0.8156810270181516 0.7605371986786246 0.191340763724904 0.46262867911109146 0.8321507395067056 0.3069919658188929 0.11540302590740498 
0.731772685380875 0.3054453084249995 0.6579562993336628 0.7159751609992988 0.45844677509533566 0.5790553385034449 0.5066950134417947 0.7135220730283992 0.4093220940279161 0.39809301312753914 0.29571156052665365 0.40512827516780214 0.5457877477853628 0.4592371640778644 0.2968610320154324 0.5490033066533035 0.24712989954525172 0.5024389879899782 0.6729135894392765 0.9161619176908582 0.5882581963114357 0.1607917856308263 0.5119782854488939 0.9684759785297893 0.6162612403257302 0.3486124195655161 0.6494546289575274 0.711947868157055 0.6108895489523052 0.6984794711943221 0.5433280056572245 0.5664377308747868 0.45695933355867857 0.63428677169947 0.662008765306362 0.3008147647375951 0.5429657612456522 0.5107120089987551 0.5563412691223959 0.6878466734982942 0.9520124099557771 0.08309077818044835 0.49263047085819894 0.7271313933733955 0.6173431764733208 0.6445231215117155 0.6333010417622034 0.7243931715361891 0.1380265528615207 0.5055587065449785 0.7772025665455728 0.17572522940543372 0.35004085647434735 0.9144001203645933 0.3848817689750482 0.36699162926251006 0.11865439115692111 0.6048643942533274 0.442542088393402 0.2242043165762423 0.553627001974611 0.3158338996685954 0.4672015411176236 0.7630851266356504 
0.5967857905472916 0.4996869244142248 0.5425988359549363 0.28146469162710924 0.6569648386025786 0.4878274070991349 0.5055202495056826 0.11869110327661897 0.30364390049909323 0.49955263801518984 0.3924867481302274 0.5457877477853628 0.4449737559430502 0.17724865090951886 0.6535028199550651 0.15890256311315376 0.5914846171799478 0.5342498273448384 0.24368142796482722 0.5635767134921138 0.34149088851454246 0.5529802780304933 0.09369696850999992 0.8154860866825924 0.9099042461466589 0.73370687945131 0.26819672274020023 0.8399221853637031 0.31510236966745075 0.224576442639764 0.17606680594642188 0.7955812505183256 0.8368663365552038 0.2628926180248563 0.2827477563830874 0.5749554337768524 0.5938456589862631 0.47042799071610475 0.33183565978635854 0.5901171114986437 0.7023035703582111 0.41443757244373775 0.5610883935485069 0.732121577136378 0.5382865337385871 0.516175353717483 0.8060794396883619 0.517021196061531 0.04934152533226632 0.8129106377795727 0.6692955454299486 0.47986345687042226 0.5234823881859878 0.8472432286759166 0.8395799000625079 0.5619371556392136 0.8444149016392225 0.3223227598772905 0.29018657890755356 0.4077284566085315 0.34422664116231033 0.48447676918868987 0.5229296849094345 0.46121638334962267 
0.41275965377309864 0.370124822610603 0.16229443741003158 0.4551651090791295 0.6874918639394781 0.5489976481610068 0.35656326943261674 0.7399378583464333 0.42080929567918735 0.07789863366107191 0.4436455103150315 0.4592371640778644 0.17724865090951886 0.8066836348069313 0.25807595791331744 0.368025100968912 0.5252942994073573 0.5661780726349883 0.2618591500954042 0.5133832537565777 0.3548040698568077 0.530892732222255 0.5832396495047147 0.2720157731362269 0.49078742353047256 0.7311499217487387 0.13875398010588758 0.32473722115004455 0.27346876038910456 0.37643672488706303 0.6994684227701231 0.48281317061645307 0.5992225636831461 0.46297595992874097 0.6449012613373528 0.5134086464703173 0.24000737247509768 0.6684454607465424 0.6831155062819914 0.5390914649718455 0.823010682456271 0.27413380346540267 0.7494131135557056 0.3517403609880698 0.45720670978253564 0.46632957552254567 0.3375358555571085 0.404106354545053 0.7463819060554222 0.46440875550141003 0.5087805068635924 0.31624228217849487 0.5341544459185282 0.7836206720545116 0.4119620567037405 0.7440411443811217 0.48817179162844754 0.2162683618678527 0.4431340325917533 0.5586456194864471 0.36333119130630714 0.6763242866934205 0.8256814283986271 0.41878210416900324 
0.15108695150832047 0.44513073568692596 0.6733536210829904 0.6582812413610197 0.3673487440799845 0.2736218888342839 0.49511975061386204 0.40733843311118845 0.34928039340981687 0.23112404609083526 0.7915890849601135 0.2968610320154324 0.6535028199550651 0.25807595791331744 0.16480600830997172 0.815357487482061 0.2876673473566477 0.3971082665545917 0.7859515755203069 0.5793165338513728 0.48227233342035525 0.49052205622229417 0.7280495208382504 0.14272699423461332 0.9167916695697738 0.7468735937819164 0.3234813470378592 0.6854320424834225 0.6083975749072414 0.4424511657260618 0.459147393671224 0.672179603550817 0.3710929456629672 0.06268994352684842 0.7756422941930916 0.26555270059960895 0.3274671048926953 0.46907923609673463 0.5607086622918257 0.5598832318153912 0.23397437377083757 0.6932453461145206 0.21860593452829574 0.47293317312349203 0.6323562014393319 0.17639695933469418 0.5705737277436307 0.6429685820303772 0.8516263021164543 0.2339832109848956 0.23741248677209137 0.37993463333527266 0.5655355191291791 0.7717748564009272 0.5147188989488432 0.4541694819580231 0.6285413999884267 0.9157163044977463 0.4574176562074882 0.782018599837098 0.15203999545088842 0.17494379788988534 0.48257554693444216 0.11674632025165727 
0.565286452147328 0.5062652526733937 0.7118876817669442 0.04934680555323051 0.48856153972179633 0.3050715672209209 0.4524152319108733 0.7050886952739623 0.6316767662363152 0.7027452604949256 0.5410013147806518 0.5490033066533035 0.15890256311315376 0.368025100968912 0.815357487482061 0.59803109497506 0.5450700875778491 0.17620660486373418 0.6521655024383047 0.32055457587100605 0.5192297970289024 0.6966745613286849 0.6305497689471458 0.19396295857549728 0.6467914138831397 0.4893165095490172 0.4022262873254397 0.06568443675081326 0.6930808620526844 0.32905211742300705 0.7586040927971083 0.15959301186788238 0.6272821489013198 0.5060219032221228 0.5065335577075432 0.3165879897662863 0.6238598731117231 0.6470183270760577 0.28032503988725854 0.4363307072094383 0.6742939038942022 0.06121717597513099 0.6996120836845741 0.5261089126888264 0.7222682708549549 0.37981802725925723 0.4547853874912052 0.837208704350625 0.4240099251588028 0.32516260103692185 0.3199171597934975 0.3545513964345699 0.4959048516902739 0.41708976676775983 0.17750727609588696 0.6282242328773185 0.6134533657546769 0.524896680560918 0.6911240641006501 0.8205330224787712 0.07382716174340481 0.47211343261849936 0.4826991870909653 0.7777617019071228 
0.23976162446398624 0.5111343365073238 0.5453216168305292 0.5717488555199626 0.644363254865548 0.530871820641732 0.6784960667860793 0.5768077105413385 0.7210847745192833 0.6034467935776088 0.5639303288451485 0.24712989954525172 0.5914846171799478 0.5252942994073573 0.2876673473566477 0.5450700875778491 0.9728660566468715 0.6666902037438298 0.2777022685768558 0.33323875071391645 0.6003782088149174 0.6178065267522956 0.4535182411910329 0.7064521967856797 0.2201847076676296 0.5048034728137208 0.7500537153621527 0.6073046980297274 0.6915186378767602 0.44515464188432974 0.47549452335950926 0.4050860225857324 0.43431320889551583 0.06200128648820258 0.7326673403721148 0.2126401778292033 0.5791716597930787 0.1611333468034204 0.4259098131348021 0.5732479059722048 0.1567178923886382 0.2086141351137304 0.6715986658986264 0.5866421671958535 0.2472600619609524 0.6077003966913925 0.5154167597659398 0.3785471285814479 0.3760050638737417 0.8434683196709692 0.4433333183702295 0.6168412649931007 0.7803833865377486 0.5778848288543205 0.927463401833142 0.6086600174845955 0.06808215457188227 0.22870613530817507 0.6103464136500367 0.4595099634850563 0.6748716468147937 0.44332907545900135 0.3544776482112801 0.22822776538302575 
0.4880536303739594 0.5550092444372128 0.15505597417499445 0.4863828005602666 0.8864452491817955 0.3748559646991288 0.6390622922109093 0.7213457581827498 0.3817962051346368 0.20317827744040612 0.36754193038083033 0.5024389879899782 0.5342498273448384 0.5661780726349883 0.3971082665545917 0.17620660486373418 0.6666902037438298 0.033217685631644955 0.47070928033509146 0.6248969593331792 0.5279388737815419 0.4764865415494507 0.18502450171328755 0.3464123157594684 0.4917492132572262 0.4893456743129442 0.46695905231274454 0.6397765943339031 0.841122563306694 0.41097828116759194 0.6801619746361491 0.6526273066937736 0.5262917308858707 0.5678757217844135 0.32109452395211024 0.30839651062934553 0.39966047859659704 0.7194290362772806 0.8793406636792677 0.9490450311000493 0.5219430724697712 0.7455319354952771 0.6797481065191515 0.42677230659745946 0.277259198652261 0.5374492940232254 0.1619871817567476 0.14446119476938762 0.4755764170361517 0.2049546408891461 0.4168328435847821 0.25149739829410905 0.6451744625268618 0.5505370313919594 0.14104427135380176 0.6626282500611778 0.5497387165562817 0.5949783299934204 0.7500358226680154 0.379869008810125 0.5890693465650876 0.43505269815010544 0.36829345903763183 0.6130357455369404 
0.4732510580427777 0.5153660625301786 0.1015013535224687 0.17506877835265344 0.341864681626534 0.5460162090305336 0.6974012745283742 0.5219248420213713 0.4249829313898664 0.3607347344707618 0.739050974066042 0.6729135894392765 0.24368142796482722 0.2618591500954042 0.7859515755203069 0.6521655024383047 0.2777022685768558 0.47070928033509146 0.6891662216943217 0.07360638279858145 0.7895651670058268 0.7647775754711672 0.3679600636794965 0.5748137386550211 0.1925963844810662 0.5380608373893507 0.7737017846289673 0.268626256280001 0.35955308136769454 0.24166852592080912 0.8251966295983535 0.18544934669608482 0.21487459509898388 0.6453023859227152 0.8790717194696223 0.6923641994536267 0.7015345037730836 0.9719372176559051 0.1017449950271565 0.4509271937436459 0.675944060973277 0.6541629128180682 0.6644838879675303 0.8885196317253246 0.40042446532166115 0.23958955762209083 0.462410711187094 0.19343494595495986 0.8636993005189872 0.4531835677332527 0.5116326702763793 0.41191486590968107 0.3226893898729728 0.500781374968271 0.07856541756734586 0.44477621940949524 0.6704895359956335 0.4373099423990687 0.5822550084575109 0.2922471646288138 0.49662742711521635 0.6750117062293819 0.24026321894646624 0.5518602151791501 
0.45246779316573293 0.41892591838660836 0.19281042461697373 0.5610728055258527 0.19339854588827038 0.6397589110178175 0.3319744590428051 0.6553971007116659 0.36727006441170296 0.46985092760460107 0.21114976700753796 0.9161619176908582 0.5635767134921138 0.5133832537565777 0.5793165338513728 0.32055457587100605 0.33323875071391645 0.6248969593331792 0.07360638279858145 0.3247077090636762 0.3801942368585894 0.8449222906484614 0.663563928607126 0.10819591131911699 0.12392991721666785 0.7721224643160964 0.812692182274986 0.4347715608820885 0.41161110309561416 0.6120854005971925 0.7988651337486771 0.7235697680221351 0.6081465724981421 0.5500673001216255 0.2990958793792712 0.36233780351281913 0.45767594131697015 0.3891181096710331 0.8696840610405592 0.07598849995052742 0.4267759393106413 0.45353981257209197 0.637188308740772 0.4933230556854593 0.47394206743787076 0.6213905792956497 0.6107724210559747 0.47114239949836256 0.5568860528447175 0.0378027362853281 0.4173378371204665 0.5406284479396298 0.2918852896105614 0.6416992553384322 0.799912357688287 0.4657487783387351 0.29492973360560154 0.7111293889576953 0.4786317978922313 0.4613169727868184 0.42906391779186476 0.567617157224271 0.8803675905699586 0.6129945258392838 
0.9015667132707728 0.588901208558469 0.6077472526616451 0.5812273457601307 0.3455602944730081 0.4989103684834577 0.8005326958303813 0.18060548492936657 0.5236043517426856 0.45261444874799606 0.41615254891723197 0.5882581963114357 0.34149088851454246 0.3548040698568077 0.48227233342035525 0.5192297970289024 0.6003782088149174 0.5279388737815419 0.7895651670058268 0.3801942368585894 0.6756919430714748 0.6885582066916995 0.09802970785185061 0.1431645680965084 0.4676691392252435 0.031690263670500485 0.2984520349617813 0.42117535824243074 0.42131572980724336 0.3923223446218425 0.38677039491727694 0.2955775945726208 0.8358746714906998 0.08766312427068207 0.42947806023534923 0.6115048540956924 0.26099214604782583 0.8345870748926629 0.42143593525577516 0.6938490842628358 0.4682623988605247 0.49033130167254335 0.6135313939300545 0.5497735142081499 0.4345452731145101 0.42398303611554977 0.6917987165586668 0.31970575452481176 0.6221774824941556 0.7615664941175017 0.6821521015807785 0.8298372836128277 0.5930785245698249 0.24142803349257125 0.564116297079849 0.5879268915793088 0.8497295282821318 0.5775556413241942 0.2721064324920578 0.9469689781281618 0.08458808954700148 0.8438169078039981 0.6420181725352461 0.7872358708073128 
0.5450361733774054 0.49840711377758623 0.47207771689122824 0.7475403325008905 0.5216340215306672 0.3879447445771778 0.31690787724401376 0.5148737149554112 0.8834335072077734 0.44593228596091034 0.6676334621606479 0.1607917856308263 0.5529802780304933 0.530892732222255 0.49052205622229417 0.6966745613286849 0.6178065267522956 0.4764865415494507 0.7647775754711672 0.8449222906484614 0.6885582066916995 0.9467691447679777 0.6569524117095649 0.25152164308509406 0.5184445826879185 0.7837601675072134 0.8222247749452272 0.39451086327947626 0.3347891744550338 0.6325066797525638 0.0969349094675675 0.491538110996923 0.3950314873781146 0.5231652327903766 0.7477947755800602 0.1525570751885375 0.7021037360888951 0.520333851206638 0.6549688925768486 0.542911719437604 0.45884702539552097 0.5329684261910662 0.504846901700066 0.8457649532077358 0.8571899880453427 0.7239649382912646 0.5204213734698784 0.4552704978080312 0.5561043582877719 0.505329946325415 0.06564105331230136 0.4818382621705189 0.44042669639873255 0.4433992383089018 0.4054734671852826 0.6256421766632888 0.7632498965057395 0.8732623723389594 0.48556021843882624 0.18956911589196668 0.18546189727274137 0.3974458603877423 0.5396564133696957 0.793609504340131 
