32 4.534128108865066 27.356063860324817 376 6140
78 39 52 24 17 91 22 54 57 4 82 25 58 37 79 60 22 6 26 33 91 64 6 20 93 80 70 89 13 98 26 30 
76 15 95 76 100 26 15 97 50 2 56 55 52 88 24 47 23 28 72 83 89 98 60 96 81 53 85 57 16 22 73 33 
75 95 35 100 77 67 82 41 16 45 56 56 42 21 3 34 50 41 82 12 11 68 55 51 57 84 4 43 77 30 27 97 
70 18 18 60 44 33 50 19 15 83 41 90 38 51 16 32 8 96 33 36 18 3 53 97 1 62 92 53 5 70 60 76 
61 46 70 48 8 28 36 87 11 20 40 71 55 54 88 58 38 39 20 70 59 89 76 11 68 64 86 77 47 87 23 83 
30 94 9 60 37 37 54 2 61 90 87 80 85 89 14 35 53 7 92 46 97 75 4 16 78 54 38 37 69 98 29 7 
97 30 51 64 28 78 30 51 84 82 88 39 9 25 46 43 47 23 87 60 72 35 79 99 72 33 36 99 89 14 64 80 
95 8 85 67 96 92 89 30 44 15 39 43 10 53 8 5 40 52 87 48 97 57 99 51 73 24 4 42 4 4 75 33 
56 86 67 63 38 59 3 7 32 70 17 90 95 85 63 15 69 63 43 15 69 49 81 52 63 13 12 28 98 9 30 60 
3 38 34 18 42 45 4 78 72 19 20 74 20 30 91 14 53 13 16 10 81 30 94 2 72 23 65 85 5 38 23 35 
71 15 25 83 14 81 57 5 88 2 92 97 90 45 38 98 71 2 13 70 3 84 32 99 91 19 83 70 37 90 29 61 
97 66 10 53 91 39 1 78 14 32 43 74 84 47 13 55 49 10 81 40 67 82 73 1 44 24 97 40 4 36 67 4 
66 64 68 39 54 57 43 16 11 12 49 29 8 28 91 69 20 21 24 97 79 96 54 19 75 87 21 32 67 17 2 70 
68 95 55 69 89 84 98 6 61 40 12 28 31 55 78 47 62 88 13 49 84 79 45 32 72 53 73 32 1 16 41 79 
3 59 28 47 2 95 45 64 84 35 83 81 68 51 69 17 36 26 36 96 86 27 72 19 73 95 74 31 27 79 97 77 
93 67 53 48 37 17 29 19 49 12 80 8 61 61 15 60 38 74 43 23 98 3 5 53 58 28 83 73 41 7 81 92 
58 100 38 42 62 30 11 4 62 51 79 15 39 46 4 29 5 27 27 11 28 38 82 85 69 96 76 38 47 75 51 87 
66 42 33 58 84 90 60 28 61 24 87 32 43 62 20 43 57 45 44 88 17 22 15 97 29 68 86 12 9 23 71 87 
63 37 44 84 79 99 15 5 87 60 77 6 60 31 35 16 37 41 45 66 63 13 59 63 69 60 2 41 94 72 85 82 
71 100 64 31 79 22 2 22 14 27 34 92 36 44 22 86 46 48 56 20 50 75 74 66 76 92 17 52 66 31 47 8 
33 24 25 42 95 87 44 60 28 47 70 63 38 92 60 39 46 12 75 38 45 30 34 20 63 50 18 90 36 48 96 59 
3 98 63 74 32 50 66 47 47 18 39 42 26 99 92 16 99 30 1 65 99 87 23 32 85 90 29 49 2 100 58 17 
42 93 56 51 32 31 33 73 65 30 61 27 2 71 67 75 65 50 23 34 97 56 10 56 52 60 89 55 24 50 66 29 
45 27 51 93 79 49 14 70 92 57 92 52 60 16 22 46 25 16 83 37 49 84 1 59 71 37 3 49 50 84 60 24 
96 75 21 77 37 41 48 61 6 94 8 69 97 4 61 34 13 77 15 28 49 31 99 27 35 81 55 100 7 58 32 32 
28 36 88 67 51 19 93 71 2 7 10 53 63 82 28 31 37 68 40 75 2 70 22 5 75 8 10 5 68 64 99 31 
34 35 31 13 58 53 78 1 51 36 39 22 89 50 94 96 86 4 80 27 27 48 38 9 49 8 56 70 52 50 5 30 
20 14 6 94 43 10 20 50 64 26 34 95 10 89 37 68 30 97 57 13 3 100 51 90 82 92 42 3 15 39 41 63 
100 11 99 86 96 97 60 70 49 47 26 14 55 65 52 54 37 94 28 95 78 90 69 19 79 5 50 23 48 64 78 35 
16 41 36 85 68 11 8 80 43 76 14 98 99 41 71 29 35 98 57 37 77 9 16 16 73 16 46 60 87 47 87 6 
10 73 68 51 99 48 99 69 14 95 72 51 89 46 30 40 73 8 87 47 63 94 64 67 92 12 11 87 86 66 78 47 
80 20 91 82 25 87 81 13 27 10 30 63 15 9 44 72 16 41 47 92 46 67 72 9 24 50 52 78 71 13 27 27 
0.8898521974454023 0.7052450512067612 0.6802053415882054 0.2051400179739793 0.5698667631870381 0.4247960259945665 0.9181982464348641 0.5873438830782818 0.48026280794048926 0.7033111179098505 0.7869894834664564 0.39309576055421336 0.24149725058245308 0.4191141118025791 0.604520223187256 0.7775448154467658 0.356629134874137 0.2381275785932901 0.4978183318221201 0.272466277204041 0.5499364774897877 0.5125271074529798 0.3707499383433283 0.30028518202383514 0.5142704615681921 0.5817331124252212 0.07429530844648091 0.5560728230281945 0.5887169506754554 0.21217665292318338 0.4937184870382464 0.5887088852924321 
0.7052450512067612 0.028056581466554542 0.6874415068618582 0.04754576247173303 0.7242234371420908 0.2770956087447567 0.4243218539115439 0.4034548290023574 0.5067327579533852 0.636591766227157 0.4142501896793297 0.13522458181570218 0.24336127603299396 0.5499100604808621 0.626034051856285 0.7842635992270466 0.7242853231233692 0.7812456407459536 0.49415239811699585 0.5862395396415181 0.5082257312774753 0.8144672493820104 0.7216622226814672 0.5757873473636553 0.7565449703690518 0.5067680810935741 0.34116997791633635 0.3119740972650642 0.575417665745894 0.4160122605169964 0.6172003865134745 0.3299721978912174 
0.6802053415882054 0.6874415068618582 0.07526032649143322 0.12889576950240322 0.5614883719456114 0.24938959938731348 0.4863323990991775 0.7659336430800001 0.44748036995638796 0.07565055030877921 0.6070512416168494 0.4122732767693272 0.3748950656206509 0.44488988786362965 0.48796644110526 0.809520281601243 0.6019493810819481 0.5467032322782746 0.1643529971339518 0.24669847707067705 0.6914645446134966 0.5876238267634937 0.6185007142653802 0.5005349864299998 0.0507759156456683 0.3338015351653834 0.5975896896659134 0.7390444670354055 0.29684669517336976 0.6952583975635307 0.5856625159381835 0.3753532029642895 
0.2051400179739793 0.04754576247173303 0.12889576950240322 0.3978636125433659 0.49271085266096254 0.6446176029536224 0.54677535252268 0.7570308502386265 0.49053991862949725 0.559293971019318 0.41362724455033273 0.8385250777960395 0.3368627579570892 0.5230017908002393 0.2773897587800689 0.7296372823221271 0.17010914583745662 0.609460982070994 0.12741265507866684 0.39672013378072374 0.09688301630557855 0.528431306592398 0.31142982514489603 0.4357367430653662 0.37565383767420335 0.6144969056812607 0.4213340116276307 0.7933108035453141 0.47581630887383825 0.8733024436219556 0.5304695787369458 0.6688610770928657 
0.5698667631870381 0.7242234371420908 0.5614883719456114 0.49271085266096254 0.22454316048472078 0.6699516369678005 0.49435023955846547 0.6254547283949898 0.14027320903411056 0.7463580599681816 0.3961077697719899 0.21175805387684304 0.672479731448771 0.3408454510439515 0.8546855808599179 0.2575768788283283 0.5244059288209411 0.1155948370689191 0.10043848905357528 0.4291610956270971 0.5813094743958297 0.5743396593417763 0.366484709858471 0.6482215141928594 0.6735630395731271 0.5465648090052537 0.3319606826289123 0.5703405315290178 0.3544454714248619 0.26348941276191085 0.15340911232382948 0.40792179399456513 
0.4247960259945665 0.2770956087447567 0.24938959938731348 0.6446176029536224 0.6699516369678005 0.403317630964125 0.5067138732041184 0.38971926050043987 0.6208769553929216 0.3222705478725896 0.5311484063601858 0.35647353016157574 0.2358694128164005 0.8187809945409688 0.6216817123399316 0.43853730609840796 0.32058325706771135 0.39890309478887903 0.5033625344489259 0.7071310039833489 0.44805411463665684 0.36821975153466946 0.43181608072331623 0.8679869628725202 0.5688176912386502 0.525992513180517 0.2137810916041334 0.7587065006949503 0.6048276947626832 0.5656375121665872 0.567142841614171 0.5432046105278372 
0.9181982464348641 0.4243218539115439 0.4863323990991775 0.54677535252268 0.49435023955846547 0.5067138732041184 0.2524466705639039 0.8816988367172829 0.31964622387222735 0.5635265777389845 0.5472214773928421 0.46279422981362567 0.24853753978183046 0.9101234878408526 0.674373500385099 0.5507855304239457 0.6724690352267659 0.6247918164727809 0.23739375040342975 0.305235657525192 0.6073222277589156 0.7951557418025572 0.6363385110991994 0.24923785282148225 0.9057584009709755 0.872055324652289 0.42269391793007494 0.5647762621597519 0.4056024602393884 0.7356946533710379 0.1314596053210646 0.5811498240882454 
0.5873438830782818 0.4034548290023574 0.7659336430800001 0.7570308502386265 0.6254547283949898 0.38971926050043987 0.8816988367172829 0.7200219522049304 0.3685025087867451 0.4187938763757888 0.5339693402048563 0.6524748879142723 0.3936103718652449 0.8914497570097091 0.8976315789707743 0.19871255842520563 0.7350721473825804 0.5472852433528342 0.2441469398798386 0.4922314480215808 0.1507816488799953 0.2597914284818819 0.736991225354477 0.45145960077684627 0.6380781126400734 0.6738324687539322 0.41600713919097926 0.3478317787231101 0.5393788231708128 0.27030735217102464 0.24727443744190314 0.647705746323104 
0.48026280794048926 0.5067327579533852 0.44748036995638796 0.49053991862949725 0.14027320903411056 0.6208769553929216 0.31964622387222735 0.3685025087867451 0.7887662456076782 0.7076579118774251 0.47413862972601856 0.5338148867956697 0.6069502122594888 0.8196511704871866 0.7243946614977352 0.4132682708743225 0.7840768098023199 0.5937950276133317 0.4465024873037358 0.5489541120548932 0.6644970021936757 0.4636531505143791 0.4657107246047295 0.6651417522219721 0.6973604544816282 0.24139952154636163 0.7227553877319564 0.27900834724342544 0.6884885609504869 0.6824821652554034 0.5222765456379137 0.8456255449740924 
0.7033111179098505 0.636591766227157 0.07565055030877921 0.559293971019318 0.7463580599681816 0.3222705478725896 0.5635265777389845 0.4187938763757888 0.7076579118774251 0.7172934993966729 0.6570728041801772 0.4735542078925456 0.5860581672016658 0.9322279579507047 0.7363057314492937 0.2937801158549749 0.19129171264170763 0.272860939739149 0.04125499371669772 0.5771991759566224 0.8077303316490791 0.769282923250743 0.7543402679021829 0.30937832072977556 0.39970811329837624 0.34430830650346256 0.49136454453797224 0.8769788489701708 0.2543473901014809 0.6068213919211034 0.49872430156459313 0.28091456577158636 
0.7869894834664564 0.4142501896793297 0.6070512416168494 0.41362724455033273 0.3961077697719899 0.5311484063601858 0.5472214773928421 0.5339693402048563 0.47413862972601856 0.6570728041801772 0.9088833387878257 0.8721495416550962 0.21793696956942327 0.5541310590185996 0.5159583749827082 0.7973646516288073 0.7175561471695493 0.4548289433131458 0.5761198141240305 0.5405836556170227 0.428454257488179 0.6343591964666656 0.5134215269069143 0.24693872620677498 0.7262958834344588 0.1115436292832811 0.3340740759506839 0.9350586743883921 0.08438022422557717 0.361412592399991 0.5388153670278539 0.729558591550679 
0.39309576055421336 0.13522458181570218 0.4122732767693272 0.8385250777960395 0.21175805387684304 0.35647353016157574 0.46279422981362567 0.6524748879142723 0.5338148867956697 0.4735542078925456 0.8721495416550962 0.8129797278618177 0.19411801910184184 0.6954912132464137 0.45858894085023555 0.6961189830029758 0.6082029716456787 0.570892871548951 0.49540465561681657 0.29615835375137495 0.36097531217369627 0.3471245122201046 0.7264156063340443 0.7887112009278119 0.7466268845792978 0.24371373247238848 0.5679356113122569 0.30865964352613 0.42637479103811043 0.18759484260154408 0.2885052748549046 0.5093776383600657 
0.24149725058245308 0.24336127603299396 0.3748950656206509 0.3368627579570892 0.672479731448771 0.2358694128164005 0.24853753978183046 0.3936103718652449 0.6069502122594888 0.5860581672016658 0.21793696956942327 0.19411801910184184 0.9740088932961991 0.26764021297076496 0.15579465450034774 0.6125320118401347 0.31032506251377584 0.8942066443342235 0.26465014265661085 0.3625275851214353 0.7229837139313047 0.17757764733583387 0.33659724610565017 0.6843106645016701 0.49262318069083694 0.5640715984785866 0.6182462512372344 0.2601809608594733 0.36776065935737473 0.17337958168092305 0.28423228372323106 0.6016834157220258 
0.4191141118025791 0.5499100604808621 0.44488988786362965 0.5230017908002393 0.3408454510439515 0.8187809945409688 0.9101234878408526 0.8914497570097091 0.8196511704871866 0.9322279579507047 0.5541310590185996 0.6954912132464137 0.26764021297076496 0.46746786686298203 0.5549152282554309 0.4823011254358869 0.502487025731333 0.5874864098185131 0.5609477557906923 0.4870327878654993 0.8847500618553845 0.5305030735390647 0.8281138662510694 0.6502457072021803 0.5197259222585293 0.5616892783060575 0.5191406416396567 0.6751342167471455 0.28446053391320225 0.4153552222197711 0.7489904087276942 0.5184604562893251 
0.604520223187256 0.626034051856285 0.48796644110526 0.2773897587800689 0.8546855808599179 0.6216817123399316 0.674373500385099 0.8976315789707743 0.7243946614977352 0.7363057314492937 0.5159583749827082 0.45858894085023555 0.15579465450034774 0.5549152282554309 0.5625211508011371 0.6440416887659346 0.25477431786943033 0.5369187024220066 0.5848507454780569 0.5145481623812191 0.7507076619390389 0.8411596151230777 0.3091389514580694 0.3948306566206567 0.2151672938666312 0.34549077825698365 0.5646586125928926 0.5446958443246068 0.7247372643351249 0.5683969626031282 0.31560653857296583 0.4258968663724524 
0.7775448154467658 0.7842635992270466 0.809520281601243 0.7296372823221271 0.2575768788283283 0.43853730609840796 0.5507855304239457 0.19871255842520563 0.4132682708743225 0.2937801158549749 0.7973646516288073 0.6961189830029758 0.6125320118401347 0.4823011254358869 0.6440416887659346 0.4802820535028828 0.8625548833774186 0.6221385957901173 0.32544937418342773 0.41661231737996596 0.32318224079504115 0.5045263588894047 0.6260507038255709 0.6582811124757312 0.23238440215476602 0.4339831134105699 0.6458195406404125 0.30074497594172184 0.2937547749057959 0.20467811892979676 0.5682082276654721 0.850232925332069 
0.356629134874137 0.7242853231233692 0.6019493810819481 0.17010914583745662 0.5244059288209411 0.32058325706771135 0.6724690352267659 0.7350721473825804 0.7840768098023199 0.19129171264170763 0.7175561471695493 0.6082029716456787 0.31032506251377584 0.502487025731333 0.25477431786943033 0.8625548833774186 0.3430259746125187 0.5274831577292832 0.3376455880036133 0.5071342923182525 0.7672328161993723 0.6218180222416186 0.8190990512078207 0.14267223185718636 0.4433019813537493 0.43632648884181885 0.6470630448085448 0.33945716365475104 0.3287351279825791 0.8276066103903426 0.42451096099809954 0.44058584193170747 
0.2381275785932901 0.7812456407459536 0.5467032322782746 0.609460982070994 0.1155948370689191 0.39890309478887903 0.6247918164727809 0.5472852433528342 0.5937950276133317 0.272860939739149 0.4548289433131458 0.570892871548951 0.8942066443342235 0.5874864098185131 0.5369187024220066 0.6221385957901173 0.5274831577292832 0.09915953260465726 0.28819970625842734 0.7746456454869828 0.5596859806615678 0.5713894659906229 0.48691084780130994 0.6129193124695956 0.36149971765072825 0.5292100761870026 0.5651303052645855 0.2272000578098497 0.6587204594460101 0.29316320637358184 0.376503477864814 0.10877614674735125 
0.4978183318221201 0.49415239811699585 0.1643529971339518 0.12741265507866684 0.10043848905357528 0.5033625344489259 0.23739375040342975 0.2441469398798386 0.4465024873037358 0.04125499371669772 0.5761198141240305 0.49540465561681657 0.26465014265661085 0.5609477557906923 0.5848507454780569 0.32544937418342773 0.3376455880036133 0.28819970625842734 0.7276372702956695 0.2986051544632865 0.5696023033887869 0.5917897916151282 0.5421119683288307 0.6696302909562861 0.7564946511061743 0.6351909223480205 0.27405511027680074 0.45496654635735123 0.4938463596814689 0.47140531194249535 0.4852871889428361 0.54762602349025 
0.272466277204041 0.5862395396415181 0.24669847707067705 0.39672013378072374 0.4291610956270971 0.7071310039833489 0.305235657525192 0.4922314480215808 0.5489541120548932 0.5771991759566224 0.5405836556170227 0.29615835375137495 0.3625275851214353 0.4870327878654993 0.5145481623812191 0.41661231737996596 0.5071342923182525 0.7746456454869828 0.2986051544632865 0.5865422434076127 0.621627389671281 0.07592976054939676 0.3734552013469126 0.44853953627867293 0.3646434766133265 0.364120309371745 0.3943684161843674 0.35324653386008664 0.4234573283389509 0.7325806044114668 0.4682814445080989 0.36098219971080014 
0.5499364774897877 0.5082257312774753 0.6914645446134966 0.09688301630557855 0.5813094743958297 0.44805411463665684 0.6073222277589156 0.1507816488799953 0.6644970021936757 0.8077303316490791 0.428454257488179 0.36097531217369627 0.7229837139313047 0.8847500618553845 0.7507076619390389 0.32318224079504115 0.7672328161993723 0.5596859806615678 0.5696023033887869 0.621627389671281 0.3449313969981981 0.6075781768432662 0.4039275934917268 0.41731377357007876 0.20316351468519273 0.4904883677199661 0.44947488252105905 0.3884526613291642 0.06078498085542733 0.4019651323965706 0.24048852989386138 0.4022160155084682 
0.5125271074529798 0.8144672493820104 0.5876238267634937 0.528431306592398 0.5743396593417763 0.36821975153466946 0.7951557418025572 0.2597914284818819 0.4636531505143791 0.769282923250743 0.6343591964666656 0.3471245122201046 0.17757764733583387 0.5305030735390647 0.8411596151230777 0.5045263588894047 0.6218180222416186 0.5713894659906229 0.5917897916151282 0.07592976054939676 0.6075781768432662 0.5750106072488415 0.547397080794094 0.703697715551605 0.912058477705153 0.551303472213404 0.38752795684999347 0.6551300433698521 0.5692851010666602 0.6856144393799748 0.6841918856558445 0.21249054689955504 
0.3707499383433283 0.7216622226814672 0.6185007142653802 0.31142982514489603 0.366484709858471 0.43181608072331623 0.6363385110991994 0.736991225354477 0.4657107246047295 0.7543402679021829 0.5134215269069143 0.7264156063340443 0.33659724610565017 0.8281138662510694 0.3091389514580694 0.6260507038255709 0.8190990512078207 0.48691084780130994 0.5421119683288307 0.3734552013469126 0.4039275934917268 0.547397080794094 0.15865121588734177 0.7007149337118301 0.3502707642814116 0.4163810569611783 0.2812265227450496 0.8600748671672372 0.23911058540606395 0.7199108202021148 0.38774475653761425 0.2803614543550405 
0.30028518202383514 0.5757873473636553 0.5005349864299998 0.4357367430653662 0.6482215141928594 0.8679869628725202 0.24923785282148225 0.45145960077684627 0.6651417522219721 0.30937832072977556 0.24693872620677498 0.7887112009278119 0.6843106645016701 0.6502457072021803 0.3948306566206567 0.6582811124757312 0.14267223185718636 0.6129193124695956 0.6696302909562861 0.44853953627867293 0.41731377357007876 0.703697715551605 0.7007149337118301 0.6702941250291307 0.6323384693258558 0.5018072639204689 0.7114193303491432 0.34097538748008577 0.16232068600202942 0.704527577243943 0.35353215946323985 0.5869353334803225 
0.5142704615681921 0.7565449703690518 0.0507759156456683 0.37565383767420335 0.6735630395731271 0.5688176912386502 0.9057584009709755 0.6380781126400734 0.6973604544816282 0.39970811329837624 0.7262958834344588 0.7466268845792978 0.49262318069083694 0.5197259222585293 0.2151672938666312 0.23238440215476602 0.4433019813537493 0.36149971765072825 0.7564946511061743 0.3646434766133265 0.20316351468519273 0.912058477705153 0.3502707642814116 0.6323384693258558 0.109009350502421 0.6992719232653604 0.6485189335244237 0.8155946030909789 0.16194931004936508 0.40167332085131613 0.06582584685983783 0.7045718219132018 
0.5817331124252212 0.5067680810935741 0.3338015351653834 0.6144969056812607 0.5465648090052537 0.525992513180517 0.872055324652289 0.6738324687539322 0.24139952154636163 0.34430830650346256 0.1115436292832811 0.24371373247238848 0.5640715984785866 0.5616892783060575 0.34549077825698365 0.4339831134105699 0.43632648884181885 0.5292100761870026 0.6351909223480205 0.364120309371745 0.4904883677199661 0.551303472213404 0.4163810569611783 0.5018072639204689 0.6992719232653604 0.8976272479056462 0.400251465984012 0.44110670477104463 0.17238505602085075 0.5602509007944934 0.7166286809808795 0.5789588185287389 
0.07429530844648091 0.34116997791633635 0.5975896896659134 0.4213340116276307 0.3319606826289123 0.2137810916041334 0.42269391793007494 0.41600713919097926 0.7227553877319564 0.49136454453797224 0.3340740759506839 0.5679356113122569 0.6182462512372344 0.5191406416396567 0.5646586125928926 0.6458195406404125 0.6470630448085448 0.5651303052645855 0.27405511027680074 0.3943684161843674 0.44947488252105905 0.38752795684999347 0.2812265227450496 0.7114193303491432 0.6485189335244237 0.400251465984012 0.8899475614475745 0.4451692676182305 0.6812502321346555 0.5664048208884367 0.46571024460001104 0.45164319967717387 
0.5560728230281945 0.3119740972650642 0.7390444670354055 0.7933108035453141 0.5703405315290178 0.7587065006949503 0.5647762621597519 0.3478317787231101 0.27900834724342544 0.8769788489701708 0.9350586743883921 0.30865964352613 0.2601809608594733 0.6751342167471455 0.5446958443246068 0.30074497594172184 0.33945716365475104 0.2272000578098497 0.45496654635735123 0.35324653386008664 0.3884526613291642 0.6551300433698521 0.8600748671672372 0.34097538748008577 0.8155946030909789 0.44110670477104463 0.4451692676182305 0.6622134383093204 0.5161102064541282 0.6405660545800294 0.45562873543506655 0.4634452470506954 
0.5887169506754554 0.575417665745894 0.29684669517336976 0.47581630887383825 0.3544454714248619 0.6048276947626832 0.4056024602393884 0.5393788231708128 0.6884885609504869 0.2543473901014809 0.08438022422557717 0.42637479103811043 0.36776065935737473 0.28446053391320225 0.7247372643351249 0.2937547749057959 0.3287351279825791 0.6587204594460101 0.4938463596814689 0.4234573283389509 0.06078498085542733 0.5692851010666602 0.23911058540606395 0.16232068600202942 0.16194931004936508 0.17238505602085075 0.6812502321346555 0.5161102064541282 0.6838675767359591 0.19044870270617564 0.8355853812155252 0.7991877264913703 
0.21217665292318338 0.4160122605169964 0.6952583975635307 0.8733024436219556 0.26348941276191085 0.5656375121665872 0.7356946533710379 0.27030735217102464 0.6824821652554034 0.6068213919211034 0.361412592399991 0.18759484260154408 0.17337958168092305 0.4153552222197711 0.5683969626031282 0.20467811892979676 0.8276066103903426 0.29316320637358184 0.47140531194249535 0.7325806044114668 0.4019651323965706 0.6856144393799748 0.7199108202021148 0.704527577243943 0.40167332085131613 0.5602509007944934 0.5664048208884367 0.6405660545800294 0.19044870270617564 0.885817816333561 0.3196457410647216 0.6691846478285775 
0.4937184870382464 0.6172003865134745 0.5856625159381835 0.5304695787369458 0.15340911232382948 0.567142841614171 0.1314596053210646 0.24727443744190314 0.5222765456379137 0.49872430156459313 0.5388153670278539 0.2885052748549046 0.28423228372323106 0.7489904087276942 0.31560653857296583 0.5682082276654721 0.42451096099809954 0.376503477864814 0.4852871889428361 0.4682814445080989 0.24048852989386138 0.6841918856558445 0.38774475653761425 0.35353215946323985 0.06582584685983783 0.7166286809808795 0.46571024460001104 0.45562873543506655 0.8355853812155252 0.3196457410647216 0.7390070330757812 0.5224523191627986 
0.5887088852924321 0.3299721978912174 0.3753532029642895 0.6688610770928657 0.40792179399456513 0.5432046105278372 0.5811498240882454 0.647705746323104 0.8456255449740924 0.28091456577158636 0.729558591550679 0.5093776383600657 0.6016834157220258 0.5184604562893251 0.4258968663724524 0.850232925332069 0.44058584193170747 0.10877614674735125 0.54762602349025 0.36098219971080014 0.4022160155084682 0.21249054689955504 0.2803614543550405 0.5869353334803225 0.7045718219132018 0.5789588185287389 0.45164319967717387 0.4634452470506954 0.7991877264913703 0.6691846478285775 0.5224523191627986 0.5870589930261313 