32 4.201995855727013 27.533652099559973 346 6132
65 30 74 75 45 23 11 28 76 16 20 91 39 100 5 19 48 27 17 29 45 89 37 49 26 3 88 7 59 55 78 58 
34 78 31 30 44 20 78 94 76 21 68 72 78 19 11 12 40 63 35 12 92 43 55 23 54 83 51 61 49 49 3 94 
41 32 95 56 10 30 38 47 99 92 48 16 74 38 73 45 31 86 58 68 21 55 44 100 27 89 81 99 9 83 52 53 
22 36 22 28 67 14 44 24 90 12 90 47 90 1 32 7 65 50 82 96 64 4 96 65 51 66 85 97 80 42 60 66 
27 56 75 26 1 55 91 64 44 49 91 71 56 69 67 61 94 42 36 66 23 30 76 86 47 19 81 79 11 49 32 67 
82 28 25 84 75 5 8 58 2 65 74 69 49 51 92 53 3 65 27 20 22 7 71 80 49 21 27 76 87 90 1 23 
88 38 97 31 85 84 33 81 7 92 3 94 92 48 52 55 38 37 14 75 7 89 87 71 94 100 7 57 78 13 44 75 
18 81 58 92 1 23 44 14 5 24 60 92 4 38 56 8 70 16 17 92 82 86 90 2 28 78 70 79 58 37 33 23 
21 45 86 20 28 84 1 89 97 17 43 15 12 4 98 62 17 6 71 77 63 25 24 81 35 83 37 8 96 37 94 83 
57 25 22 49 30 91 19 96 54 8 85 25 84 11 25 86 91 93 9 59 32 17 54 95 86 1 53 59 96 10 64 32 
43 22 2 4 24 33 75 52 55 60 91 5 47 49 59 44 34 13 67 74 74 52 58 9 92 85 48 1 12 72 34 98 
44 67 37 17 56 70 42 95 32 63 52 23 65 27 43 94 95 24 8 50 68 88 97 66 11 64 19 53 14 12 10 65 
30 7 3 69 88 66 21 72 34 10 98 2 76 60 32 83 28 3 49 61 82 16 48 77 96 67 88 32 68 62 20 51 
89 79 16 80 9 86 45 93 79 55 3 86 19 82 76 26 65 83 34 48 97 47 64 31 36 26 16 61 82 33 44 100 
80 51 92 52 84 86 98 90 74 84 81 12 45 85 51 4 21 88 23 49 27 16 49 18 61 90 38 12 13 61 73 69 
92 40 28 40 23 54 15 91 22 71 13 13 92 45 53 56 84 58 28 38 44 67 33 19 16 94 70 66 64 71 32 38 
55 38 70 48 34 27 76 19 5 79 23 64 90 58 59 69 68 73 47 60 79 10 67 63 44 50 47 81 80 25 38 58 
76 87 67 38 86 42 35 24 21 59 67 45 97 56 98 72 99 16 65 45 21 17 89 54 85 53 12 18 54 74 15 50 
71 37 96 18 84 53 90 91 45 54 28 60 77 77 18 89 62 32 39 44 1 57 43 68 7 81 1 33 72 76 37 89 
37 8 74 87 100 93 97 51 44 38 38 37 50 44 90 69 63 8 90 91 77 79 55 56 4 2 61 25 41 86 60 92 
67 38 59 4 45 21 80 83 99 20 49 18 35 84 22 61 59 85 11 68 24 51 77 80 3 76 70 49 7 53 84 23 
96 42 11 87 61 63 24 84 72 64 18 65 1 85 77 90 4 63 100 53 90 81 39 27 3 79 46 57 98 54 30 97 
93 42 36 61 69 70 70 87 45 90 22 34 76 95 58 59 32 14 51 22 50 32 1 13 96 69 24 82 58 22 98 60 
28 69 71 41 85 28 1 97 46 94 12 57 38 25 79 23 3 72 19 52 57 61 20 34 71 42 51 17 70 83 77 34 
42 31 96 51 49 66 54 44 26 10 48 3 90 64 8 39 31 96 77 61 67 28 26 2 1 41 2 56 12 60 77 38 
98 80 15 81 55 71 63 48 8 50 53 12 60 13 45 55 11 20 23 8 6 62 14 54 58 88 30 87 6 49 10 82 
98 19 100 3 74 44 8 66 94 2 12 11 51 26 24 7 78 98 42 22 11 55 3 94 9 13 71 39 51 90 90 92 
19 5 60 46 79 89 1 54 47 42 72 11 81 29 66 56 45 37 11 7 76 41 38 64 74 17 98 60 11 55 44 38 
90 31 18 20 16 58 8 65 63 49 83 41 17 73 39 2 58 82 74 48 31 77 2 84 77 94 46 91 61 45 52 45 
71 20 29 5 11 10 8 30 76 67 43 79 34 70 23 3 85 78 17 13 73 26 3 1 63 63 28 14 55 91 65 99 
71 95 57 13 82 83 33 37 18 66 83 33 50 9 59 21 49 19 13 4 70 81 7 30 8 71 100 98 13 38 91 55 
3 59 80 67 96 2 86 51 49 30 18 98 49 23 3 49 52 98 27 17 2 98 79 80 33 25 76 1 100 82 73 5 
0.4438809336627746 0.6464540683638628 0.48741138234668163 0.5019172379613039 0.6353634976349253 0.3378781613395016 0.20557071503313928 0.5603212896103293 0.2411711631848802 0.7472588757127571 0.1918645360868122 0.48440199726605593 0.5092823691282407 0.3215765547519847 0.6715650678468452 0.5221155031353375 0.552176864521845 0.24046375698035705 0.5142093409047651 0.3599500567432468 0.29683129143672987 0.655573626145971 0.6009851086695361 0.33883133939046584 0.550748365056148 0.44655255413533473 0.6356885400992344 0.48275125553145326 0.2505334281102959 0.4204862550148632 0.14609583545344423 0.9486225660094055 
0.6464540683638628 0.7123255644007829 0.48477968441958835 0.6616362816363921 0.3566132379753125 0.355878267526679 0.25088751584358765 0.7450573212106232 0.2217415471880756 0.24342368045974433 0.4001203238404442 0.3476292729096801 0.26082995727212616 0.9529910900771157 0.4462319342749543 0.049647160571272 0.4110947088213064 0.22966608230992563 0.2962523801021867 0.5913133715893166 0.4985838899020502 0.8965867169307056 0.8405167169374324 0.584238260011724 0.850764085053164 0.8108467663722809 0.37399055428819084 0.3517138561087122 0.5933125638953571 0.4251575329179878 0.7605629792788877 0.7149251157693017 
0.48741138234668163 0.48477968441958835 0.7684332042977561 0.4358930778895336 0.18117567331732748 0.399999274065006 0.6564889291731563 0.2712197839404564 0.4227964336825751 0.3973055851339531 0.3062443561140725 0.49989839859203555 0.791911783744405 0.7998546806474732 0.2960754508210313 0.5488751269746704 0.50963165869931 0.6120017352957006 0.7045271081898015 0.8568243829736044 0.7629070599059659 0.6013905273832484 0.47978320416077896 0.26877728435413534 0.55134738175203 0.3260544920594953 0.8951731742204675 0.2644133670252379 0.7822324668499352 0.5469771982847873 0.4073446700697726 0.6169085988049301 
0.5019172379613039 0.6616362816363921 0.4358930778895336 0.7038227619085611 0.5886108992710432 0.4478760735329997 0.2025312470792514 0.2439375957314217 0.7794944613693432 0.2882031196645007 0.6247426897613204 0.34387614534255906 0.3860107591229078 0.13040014488645152 0.48095581011029065 0.36119963518508663 0.47450751379945116 0.8488158716587499 0.2350050526904936 0.7411812874768989 0.30645498761934326 0.17459697115103706 0.6414776636132007 0.3074080172859814 0.6782079099554563 0.16801698364949408 0.5184298606214345 0.5100196103741145 0.6061021658390258 0.5392128563965641 0.8474770134961156 0.6600999767453251 
0.6353634976349253 0.3566132379753125 0.18117567331732748 0.5886108992710432 0.2608673858016439 0.2377724705331089 0.3706908842221105 0.6564442211734465 0.6260017372651154 0.5479538478599308 0.6980316907949189 0.6983566383470645 0.6751257950807008 0.6724942550590455 0.10446996913286932 0.40752316330515714 0.3818228617401173 0.47803492640819845 0.36537136199159376 0.5987625619229273 0.5694936338543226 0.806442421018813 0.6512743851195022 0.37169758089313965 0.7593318561623704 0.6641914241757743 0.6892067920668016 0.9555166328442986 0.5201100956018282 0.2801995820954803 0.3228174770714019 0.4871960915489637 
0.3378781613395016 0.355878267526679 0.399999274065006 0.4478760735329997 0.2377724705331089 0.08376855676830364 0.5532706196387727 0.32572399589099715 0.5163029648354778 0.12031483694784473 0.34731474194850626 0.376366481606488 0.22826534058576325 0.5688219075892005 0.38932678429259593 0.39568833240332485 0.7855669683445263 0.7372023185580496 0.5247488041560365 0.3558576699538084 0.2581037325132851 0.601525220270329 0.6626940058066721 0.2132481218104884 0.23559130925048882 0.1121420806442554 0.4320562075617515 0.22386585523427155 0.6388037743483996 0.5030451309270738 0.5258764486015839 0.5050067899965944 
0.20557071503313928 0.25088751584358765 0.6564889291731563 0.2025312470792514 0.3706908842221105 0.5532706196387727 0.5342358811860358 0.2499550415556006 0.17504129139726227 0.6157468865549224 0.4993314742028021 0.5881870080337093 0.21413993782694057 0.37098265859367346 0.4406734801840009 0.43662858370315855 0.6237073480872121 0.46932280157430223 0.3864717641423529 0.3896527008355273 0.2889660486132008 0.6214079926714478 0.6002505609776019 0.6163185310509816 0.24396420826518034 0.5035357537176564 0.5861026111670156 0.29210583153928316 0.5752639142690681 0.14557692666940913 0.11783985708693268 0.5592555832603412 
0.5603212896103293 0.7450573212106232 0.2712197839404564 0.2439375957314217 0.6564442211734465 0.32572399589099715 0.2499550415556006 0.7828018858024639 0.5413465868140803 0.24736769169763007 0.5374945867650458 0.4944988104973831 0.40868438895265935 0.6390118157825113 0.3585863530933891 0.3053817075407557 0.3207647105203068 0.43482537258772863 0.5077548519497661 0.7980219531605915 0.6517944431182887 0.3432046523232947 0.5748795794937964 0.45383325796859364 0.3761766961230188 0.2844420753086044 0.6830229277348769 0.3251782456421979 0.678358566097466 0.5255175833348854 0.40026247425475137 0.5438761116132467 
0.2411711631848802 0.2217415471880756 0.4227964336825751 0.7794944613693432 0.6260017372651154 0.5163029648354778 0.17504129139726227 0.5413465868140803 0.050884070852309726 0.39158563273291896 0.31375458057076017 0.139293491267729 0.5090353053748583 0.49746469043527275 0.1524356831389097 0.3840848548253154 0.8340482245608034 0.9381941206313 0.328963175319995 0.5597484905874691 0.3745705350859764 0.40646292459474886 0.43843816094163 0.7445241680842044 0.4225627679559925 0.6156975916212174 0.7553877324044664 0.31428229551023545 0.4224523218581832 0.5301858253970846 0.43039786228956584 0.5897100062536058 
0.7472588757127571 0.24342368045974433 0.3973055851339531 0.2882031196645007 0.5479538478599308 0.12031483694784473 0.6157468865549224 0.24736769169763007 0.39158563273291896 0.8557088824329704 0.4264264488858937 0.12444504900417713 0.5479633252526583 0.34892421693850456 0.3745089176089407 0.7004403184250543 0.9122633904567305 0.7054019314305784 0.1388754552541951 0.8777599959381042 0.802402236299641 0.6372668581161649 0.7532794862339305 0.3833249932291283 0.5545369740663485 0.8737441242799648 0.6530812349068058 0.26972242568494936 0.6114897586696189 0.10660225725209832 0.42583015258187185 0.5205621293973237 
0.1918645360868122 0.4001203238404442 0.3062443561140725 0.6247426897613204 0.6980316907949189 0.34731474194850626 0.4993314742028021 0.5374945867650458 0.31375458057076017 0.4264264488858937 0.2887072270954921 0.256072605007133 0.32644837626113726 0.08357770737087933 0.5548111540806921 0.523942736230926 0.8679167150445803 0.13502938233259837 0.7355614942852522 0.3516157369205362 0.5996190457319228 0.2182822285720415 0.43604095686713573 0.6475521980648535 0.6362888958637298 0.6754400917493872 0.1408533082058634 0.3572246403979987 0.21432428968111922 0.4834812788444142 0.26231001992060393 0.16611068000486873 
0.48440199726605593 0.3476292729096801 0.49989839859203555 0.34387614534255906 0.6983566383470645 0.376366481606488 0.5881870080337093 0.4944988104973831 0.139293491267729 0.12444504900417713 0.256072605007133 0.37388694270322886 0.5323480217997092 0.20336199876612937 0.16115919419088226 0.8218642088356345 0.8394910870270118 0.5668988222077247 0.6138975747768785 0.5126342270991011 0.5398634548243699 0.6135245354135215 0.8548370215720316 0.5031788376002369 0.6052418729472353 0.38061954393440145 0.6514719999270375 0.6054320278583156 0.7750681090866902 0.51541837266738 0.4602524605737105 0.6047765851121867 
0.5092823691282407 0.26082995727212616 0.791911783744405 0.3860107591229078 0.6751257950807008 0.22826534058576325 0.21413993782694057 0.40868438895265935 0.5090353053748583 0.5479633252526583 0.32644837626113726 0.5323480217997092 0.8833374953612009 0.7310991074040332 0.5121774081885104 0.25348045363913657 0.5807182726252956 0.3092610379767394 0.381668862160805 0.37509330716988176 0.2947012335769564 0.30119718309516486 0.6925664890150951 0.6467967975547139 0.6118386509741458 0.295359337834025 0.8970607488031432 0.5794545949200054 0.4679169641492612 0.40866981497240507 0.5831425678242256 0.3950921524970072 
0.3215765547519847 0.9529910900771157 0.7998546806474732 0.13040014488645152 0.6724942550590455 0.5688219075892005 0.37098265859367346 0.6390118157825113 0.49746469043527275 0.34892421693850456 0.08357770737087933 0.20336199876612937 0.7310991074040332 0.6302937149031214 0.8074487457744195 0.6574593946172036 0.5805577915572436 0.5879016175268443 0.4940676963909881 0.6504220331203567 0.6308818256579116 0.8160433110174679 0.48723204310725904 0.07109498383504248 0.34255183417898405 0.4879433317920998 0.7637914275223312 0.4801991341166257 0.6697329871377588 0.6775761676831327 0.505520179333995 0.3534100757357218 
0.6715650678468452 0.4462319342749543 0.2960754508210313 0.48095581011029065 0.10446996913286932 0.38932678429259593 0.4406734801840009 0.3585863530933891 0.1524356831389097 0.3745089176089407 0.5548111540806921 0.16115919419088226 0.5121774081885104 0.8074487457744195 0.7487458983262179 0.4458250065324842 0.22012544152627633 0.43923347582437566 0.4368454985542395 0.07103261437032843 0.22283497378816242 0.5201815287408043 0.15717840357467394 0.3385951928437133 0.5082365081801703 0.7851006023259355 0.4809263730611179 0.6854686459605523 0.2560636007019427 0.4467317285449486 0.5148279726471374 0.2692345158363447 
0.5221155031353375 0.049647160571272 0.5488751269746704 0.36119963518508663 0.40752316330515714 0.39568833240332485 0.43662858370315855 0.3053817075407557 0.3840848548253154 0.7004403184250543 0.523942736230926 0.8218642088356345 0.25348045363913657 0.6574593946172036 0.4458250065324842 0.3352354807810729 0.4150472540843919 0.8658413634234691 0.40043564798204156 0.35399296391155854 0.5737298635781862 0.051180947444736 0.3879960526804404 0.15985170098980722 0.4696725034987645 0.7331632783263659 0.3625622480105474 0.4308095838350741 0.5071857849229644 0.4056657862085819 0.6386831442246786 0.516076244435943 
0.552176864521845 0.4110947088213064 0.50963165869931 0.47450751379945116 0.3818228617401173 0.7855669683445263 0.6237073480872121 0.3207647105203068 0.8340482245608034 0.9122633904567305 0.8679167150445803 0.8394910870270118 0.5807182726252956 0.5805577915572436 0.22012544152627633 0.4150472540843919 0.6321026360129692 0.40007897627724937 0.5161711344259143 0.6835071528726212 0.3108302323429892 0.3635427395879082 0.8117523356717268 0.24454883952168566 0.7032371104674129 0.5651180444098673 0.06540239583174978 0.282764803494241 0.8033357023264306 0.6537257259074407 0.38212861105720564 0.6466088558748561 
0.24046375698035705 0.22966608230992563 0.6120017352957006 0.8488158716587499 0.47803492640819845 0.7372023185580496 0.46932280157430223 0.43482537258772863 0.9381941206313 0.7054019314305784 0.13502938233259837 0.5668988222077247 0.3092610379767394 0.5879016175268443 0.43923347582437566 0.8658413634234691 0.40007897627724937 0.6620778164247481 0.5354111448107469 0.7605457984541206 0.6881300755121937 0.5141279451888967 0.5811259758310634 0.7306713458990395 0.6716792334694028 0.542661885379457 0.28477143875684613 0.207132265192205 0.4089928946432605 0.5963467579354427 0.291014891658297 0.3288470773997959 
0.5142093409047651 0.2962523801021867 0.7045271081898015 0.2350050526904936 0.36537136199159376 0.5247488041560365 0.3864717641423529 0.5077548519497661 0.328963175319995 0.1388754552541951 0.7355614942852522 0.6138975747768785 0.381668862160805 0.4940676963909881 0.4368454985542395 0.40043564798204156 0.5161711344259143 0.5354111448107469 0.1843665114367895 0.7877377384644365 0.5141290589621977 0.6987349522306008 0.7328811086631934 0.513193091309133 0.44094530612458044 0.42316007999273236 0.8226823631870703 0.42862939601479205 0.6154627663361141 0.4460088686768494 0.5381043399149779 0.6137122417507521 
0.3599500567432468 0.5913133715893166 0.8568243829736044 0.7411812874768989 0.5987625619229273 0.3558576699538084 0.3896527008355273 0.7980219531605915 0.5597484905874691 0.8777599959381042 0.3516157369205362 0.5126342270991011 0.37509330716988176 0.6504220331203567 0.07103261437032843 0.35399296391155854 0.6835071528726212 0.7605457984541206 0.7877377384644365 0.09012190028341349 0.9007494410402825 0.17724604517156334 0.6679003700565934 0.7268730062851325 0.48592703272014665 0.7797743206761039 0.3739388867083285 0.32799500725052444 0.8902452659751041 0.305785083443712 0.48190683700515086 0.552098382618487 
0.29683129143672987 0.4985838899020502 0.7629070599059659 0.30645498761934326 0.5694936338543226 0.2581037325132851 0.2889660486132008 0.6517944431182887 0.3745705350859764 0.802402236299641 0.5996190457319228 0.5398634548243699 0.2947012335769564 0.6308818256579116 0.22283497378816242 0.5737298635781862 0.3108302323429892 0.6881300755121937 0.5141290589621977 0.9007494410402825 0.5241618543288654 0.6287878951655006 0.7734686727180707 0.2508144424746617 0.22043633820267367 0.5811718938841035 0.07668477428701764 0.4286316393652693 0.42193103610206506 0.13180012376387484 0.8958241695508304 0.18707349284027813 
0.655573626145971 0.8965867169307056 0.6013905273832484 0.17459697115103706 0.806442421018813 0.601525220270329 0.6214079926714478 0.3432046523232947 0.40646292459474886 0.6372668581161649 0.2182822285720415 0.6135245354135215 0.30119718309516486 0.8160433110174679 0.5201815287408043 0.051180947444736 0.3635427395879082 0.5141279451888967 0.6987349522306008 0.17724604517156334 0.6287878951655006 0.2192653040906074 0.8324235434167413 0.45331898812120014 0.6183935237137917 0.8530283765412416 0.9042788129484463 0.7858695016185353 0.13545355543956156 0.5006360827979692 0.5443210154561116 0.6909917731832216 
0.6009851086695361 0.8405167169374324 0.47978320416077896 0.6414776636132007 0.6512743851195022 0.6626940058066721 0.6002505609776019 0.5748795794937964 0.43843816094163 0.7532794862339305 0.43604095686713573 0.8548370215720316 0.6925664890150951 0.48723204310725904 0.15717840357467394 0.3879960526804404 0.8117523356717268 0.5811259758310634 0.7328811086631934 0.6679003700565934 0.7734686727180707 0.8324235434167413 0.9404965071243514 0.21043860572300488 0.06376268573248711 0.5684403770685182 0.5173028175417305 0.41285858700215344 0.7585906022822055 0.44984804924573807 0.5001033974838516 0.43681106347486126 
0.33883133939046584 0.584238260011724 0.26877728435413534 0.3074080172859814 0.37169758089313965 0.2132481218104884 0.6163185310509816 0.45383325796859364 0.7445241680842044 0.3833249932291283 0.6475521980648535 0.5031788376002369 0.6467967975547139 0.07109498383504248 0.3385951928437133 0.15985170098980722 0.24454883952168566 0.7306713458990395 0.513193091309133 0.7268730062851325 0.2508144424746617 0.45331898812120014 0.21043860572300488 0.9311541430895715 0.06394374043167328 0.9804150319849786 0.4087496935514137 0.69445801106228 0.19401249960944705 0.3195356035474609 0.2781495781188168 0.4268555343687606 
0.550748365056148 0.850764085053164 0.55134738175203 0.6782079099554563 0.7593318561623704 0.23559130925048882 0.24396420826518034 0.3761766961230188 0.4225627679559925 0.5545369740663485 0.6362888958637298 0.6052418729472353 0.6118386509741458 0.34255183417898405 0.5082365081801703 0.4696725034987645 0.7032371104674129 0.6716792334694028 0.44094530612458044 0.48592703272014665 0.22043633820267367 0.6183935237137917 0.06376268573248711 0.06394374043167328 0.5891116203942632 0.4041139159891804 0.30575801533998676 0.9172033759831362 0.6904846769591293 0.7999198108309011 0.3116698744754456 0.2301912589417054 
0.44655255413533473 0.8108467663722809 0.3260544920594953 0.16801698364949408 0.6641914241757743 0.1121420806442554 0.5035357537176564 0.2844420753086044 0.6156975916212174 0.8737441242799648 0.6754400917493872 0.38061954393440145 0.295359337834025 0.4879433317920998 0.7851006023259355 0.7331632783263659 0.5651180444098673 0.542661885379457 0.42316007999273236 0.7797743206761039 0.5811718938841035 0.8530283765412416 0.5684403770685182 0.9804150319849786 0.4041139159891804 0.14739345941470483 0.5347986072185398 0.5729872920203396 0.6491638405835891 0.3767931466689496 0.2957122998951897 0.39040717012379234 
0.6356885400992344 0.37399055428819084 0.8951731742204675 0.5184298606214345 0.6892067920668016 0.4320562075617515 0.5861026111670156 0.6830229277348769 0.7553877324044664 0.6530812349068058 0.1408533082058634 0.6514719999270375 0.8970607488031432 0.7637914275223312 0.4809263730611179 0.3625622480105474 0.06540239583174978 0.28477143875684613 0.8226823631870703 0.3739388867083285 0.07668477428701764 0.9042788129484463 0.5173028175417305 0.4087496935514137 0.30575801533998676 0.5347986072185398 0.12065766409304624 0.5189693360065029 0.2514485381684308 0.6529461477373778 0.8179808542114864 0.6177007745909864 
0.48275125553145326 0.3517138561087122 0.2644133670252379 0.5100196103741145 0.9555166328442986 0.22386585523427155 0.29210583153928316 0.3251782456421979 0.31428229551023545 0.26972242568494936 0.3572246403979987 0.6054320278583156 0.5794545949200054 0.4801991341166257 0.6854686459605523 0.4308095838350741 0.282764803494241 0.207132265192205 0.42862939601479205 0.32799500725052444 0.4286316393652693 0.7858695016185353 0.41285858700215344 0.69445801106228 0.9172033759831362 0.5729872920203396 0.5189693360065029 0.6660004733920237 0.2791521987610934 0.5444639446644485 0.698146917919972 0.757625306548166 
0.2505334281102959 0.5933125638953571 0.7822324668499352 0.6061021658390258 0.5201100956018282 0.6388037743483996 0.5752639142690681 0.678358566097466 0.4224523218581832 0.6114897586696189 0.21432428968111922 0.7750681090866902 0.4679169641492612 0.6697329871377588 0.2560636007019427 0.5071857849229644 0.8033357023264306 0.4089928946432605 0.6154627663361141 0.8902452659751041 0.42193103610206506 0.13545355543956156 0.7585906022822055 0.19401249960944705 0.6904846769591293 0.6491638405835891 0.2514485381684308 0.2791521987610934 0.4883007806318036 0.3862255022571926 0.2816640184130136 0.7032601870709851 
0.4204862550148632 0.4251575329179878 0.5469771982847873 0.5392128563965641 0.2801995820954803 0.5030451309270738 0.14557692666940913 0.5255175833348854 0.5301858253970846 0.10660225725209832 0.4834812788444142 0.51541837266738 0.40866981497240507 0.6775761676831327 0.4467317285449486 0.4056657862085819 0.6537257259074407 0.5963467579354427 0.4460088686768494 0.305785083443712 0.13180012376387484 0.5006360827979692 0.44984804924573807 0.3195356035474609 0.7999198108309011 0.3767931466689496 0.6529461477373778 0.5444639446644485 0.3862255022571926 0.9482950135850441 0.5778833681017315 0.6358234954376922 
0.14609583545344423 0.7605629792788877 0.4073446700697726 0.8474770134961156 0.3228174770714019 0.5258764486015839 0.11783985708693268 0.40026247425475137 0.43039786228956584 0.42583015258187185 0.26231001992060393 0.4602524605737105 0.5831425678242256 0.505520179333995 0.5148279726471374 0.6386831442246786 0.38212861105720564 0.291014891658297 0.5381043399149779 0.48190683700515086 0.8958241695508304 0.5443210154561116 0.5001033974838516 0.2781495781188168 0.3116698744754456 0.2957122998951897 0.8179808542114864 0.698146917919972 0.2816640184130136 0.5778833681017315 0.19953018652086962 0.2436269472369207 
0.9486225660094055 0.7149251157693017 0.6169085988049301 0.6600999767453251 0.4871960915489637 0.5050067899965944 0.5592555832603412 0.5438761116132467 0.5897100062536058 0.5205621293973237 0.16611068000486873 0.6047765851121867 0.3950921524970072 0.3534100757357218 0.2692345158363447 0.516076244435943 0.6466088558748561 0.3288470773997959 0.6137122417507521 0.552098382618487 0.18707349284027813 0.6909917731832216 0.43681106347486126 0.4268555343687606 0.2301912589417054 0.39040717012379234 0.6177007745909864 0.757625306548166 0.7032601870709851 0.6358234954376922 0.2436269472369207 0.1989319974685091 