16
65 56 14 22 7 46 98 84 71 50 12 58 68 53 34 46 
95 32 18 49 42 37 18 35 21 10 2 10 73 53 90 43 
43 10 75 29 86 94 30 89 62 51 85 61 17 40 20 7 
24 35 84 100 75 68 23 24 85 25 9 91 3 88 71 95 
44 68 37 57 69 59 45 16 80 72 79 10 63 59 2 49 
14 88 70 23 79 99 39 14 31 68 64 49 86 11 73 26 
61 40 69 6 54 63 53 68 27 66 44 31 37 5 95 20 
87 23 67 46 65 13 100 37 65 88 82 44 11 33 86 21 
52 3 51 1 67 65 83 70 56 62 88 71 49 62 57 45 
70 97 56 34 21 66 44 84 37 1 46 93 12 30 71 83 
55 45 75 62 85 57 41 33 4 68 49 89 11 10 75 98 
12 55 22 76 46 22 91 72 53 95 52 9 55 61 83 70 
91 59 35 64 61 76 27 79 7 26 91 73 49 83 13 47 
54 16 13 95 8 11 36 19 5 76 76 70 56 49 96 26 
31 63 83 91 37 92 66 73 70 14 75 29 64 64 5 61 
12 83 18 55 38 53 70 86 53 17 98 42 45 72 65 96 
84 105 58 113 53 155 81 117 60 100 58 133 50 156 57 23 
105 84 128 22 111 188 91 69 106 160 167 91 80 68 149 131 
58 128 106 152 23 111 37 159 139 98 40 36 60 77 156 93 
113 22 152 84 148 103 33 167 76 78 78 100 91 72 124 79 
53 111 23 148 186 89 107 159 65 77 30 105 121 85 21 125 
155 188 111 103 89 114 168 148 39 67 159 121 152 75 168 132 
81 91 37 33 107 168 200 147 136 21 38 62 76 107 101 146 
117 69 159 167 159 148 147 72 64 41 11 40 138 93 93 73 
60 106 139 76 65 39 136 64 170 114 167 58 160 100 135 180 
100 160 98 78 77 67 21 41 114 134 184 111 91 195 69 107 
58 167 40 78 30 159 38 11 167 184 122 88 92 150 73 104 
133 91 36 100 105 121 62 40 58 111 88 30 74 50 145 72 
50 80 60 91 121 152 76 138 160 91 92 74 58 166 119 120 
156 68 77 72 85 75 107 93 100 195 150 50 166 164 108 56 
57 149 156 124 21 168 101 93 135 69 73 145 119 108 130 46 
23 131 93 79 125 132 146 73 180 107 104 72 120 56 46 56 