16
6 66 49 76 77 77 54 96 83 82 61 13 63 61 92 51 
63 24 17 78 48 60 28 46 14 1 15 50 34 10 28 26 
39 82 20 9 96 7 54 63 80 48 66 31 31 29 97 15 
31 34 80 67 67 83 29 83 34 5 65 83 18 97 60 92 
66 73 60 90 26 16 30 12 20 40 67 14 29 95 91 58 
72 79 69 8 47 79 11 61 47 96 20 18 1 40 88 86 
29 37 97 70 93 84 24 69 43 63 79 80 25 36 86 74 
81 13 20 60 65 36 88 18 24 41 17 55 64 38 39 7 
21 64 86 46 12 65 93 47 55 92 32 39 67 96 70 93 
44 26 49 25 17 45 79 16 88 72 71 27 9 72 22 77 
56 95 43 31 9 8 16 42 67 20 17 24 10 24 2 84 
16 81 46 18 8 83 5 30 76 66 46 49 23 2 44 50 
24 58 86 92 54 15 81 89 83 37 47 13 21 12 32 72 
37 93 31 83 4 41 37 16 65 91 37 88 14 54 78 96 
89 56 4 77 34 3 23 75 98 98 90 32 52 25 70 30 
44 41 77 37 8 33 47 56 19 96 98 62 68 89 77 54 
124 168 116 75 144 38 111 136 92 54 161 129 54 105 89 58 
168 2 43 132 108 16 90 85 147 129 137 167 125 86 71 68 
116 43 86 118 96 106 51 161 3 183 31 161 107 128 43 171 
75 132 118 30 174 63 58 118 115 104 161 66 169 125 67 172 
144 108 96 174 194 93 133 76 155 176 91 149 126 133 105 166 
38 16 106 63 93 188 141 91 95 51 76 75 82 102 110 130 
111 90 51 58 133 141 174 173 155 139 31 44 138 76 64 136 
136 85 161 118 76 91 173 32 68 126 72 60 98 95 146 132 
92 147 3 115 155 95 155 68 54 124 134 80 109 133 139 118 
54 129 183 104 176 51 139 126 124 148 173 63 105 156 157 156 
161 137 31 161 91 76 31 72 134 173 54 138 109 93 135 111 
129 167 161 66 149 75 44 60 80 63 138 120 81 40 108 103 
54 125 107 169 126 82 138 98 109 105 109 81 188 80 110 11 
105 86 128 125 133 102 76 95 133 156 93 40 80 46 111 88 
89 71 43 67 105 110 64 146 139 157 135 108 110 111 96 110 
58 68 171 172 166 130 136 132 118 156 111 103 11 88 110 110 