8
83 50 45 94 3 50 85 50 
78 72 16 84 41 16 96 82 
66 16 60 99 87 17 90 79 
27 93 90 23 8 74 35 90 
89 7 10 43 9 74 17 76 
38 63 34 100 52 12 32 36 
11 45 89 33 93 67 53 42 
52 45 75 12 40 4 47 14 
80 49 194 38 156 58 126 186 
49 180 56 102 123 71 100 182 
194 56 178 105 73 102 37 171 
38 102 105 186 68 20 113 180 
156 123 73 68 192 34 69 62 
58 71 102 20 34 156 80 86 
126 100 37 113 69 80 46 108 
186 182 171 180 62 86 108 40 