32 4.6178034495647395 28.285815903140694 234 5982
73 74 43 81 19 19 36 39 95 8 9 15 33 67 77 17 96 23 12 98 85 84 72 14 37 32 93 4 32 6 28 59 
46 68 26 47 2 98 97 84 28 72 86 78 3 2 28 61 54 22 35 31 86 74 97 69 47 31 24 91 38 67 19 95 
58 24 40 37 22 98 48 54 96 21 50 53 52 43 44 50 36 74 43 38 62 24 36 46 87 86 7 81 41 29 65 84 
50 71 28 94 32 27 85 74 29 99 78 4 1 9 74 51 17 63 40 98 88 31 2 75 95 8 88 12 63 31 56 9 
98 19 62 55 46 3 16 79 22 35 26 12 85 12 91 45 73 40 85 64 22 17 33 34 11 82 49 42 71 5 80 89 
68 33 84 76 70 59 38 12 34 23 88 47 40 76 91 10 14 33 64 30 57 90 16 89 90 97 80 97 3 69 23 22 
98 88 60 66 41 61 76 67 24 99 98 17 13 69 72 28 21 19 5 37 90 39 73 52 69 75 23 58 30 51 23 54 
31 62 87 49 99 16 27 19 14 31 46 46 77 16 24 8 34 80 14 31 51 2 50 95 44 78 55 82 90 33 53 98 
92 35 46 39 50 30 58 30 72 36 35 45 37 17 40 7 39 19 80 3 64 84 56 88 20 90 63 2 28 28 10 67 
6 9 40 5 79 80 86 84 1 44 45 78 78 85 50 81 69 65 94 4 76 2 66 92 73 43 25 86 90 76 85 6 
67 61 13 2 4 55 78 27 49 59 34 68 93 5 79 86 50 3 8 71 81 79 19 35 17 68 72 11 9 6 11 37 
20 96 43 90 23 44 19 70 58 85 3 65 38 78 72 56 32 71 19 85 100 28 80 29 61 62 96 97 23 91 67 73 
80 94 51 40 82 21 14 44 51 83 59 17 5 95 5 95 2 31 20 90 6 98 2 24 89 21 1 7 69 76 99 22 
94 79 76 1 57 81 86 41 53 50 35 82 96 43 76 53 23 56 55 19 5 90 93 46 68 78 80 41 70 33 13 98 
12 31 100 95 31 98 34 48 15 59 77 2 95 40 44 96 59 63 50 95 57 12 6 88 27 72 14 53 74 64 1 35 
82 17 73 70 82 68 50 75 20 55 58 47 50 53 74 90 59 39 22 94 11 14 100 78 93 35 36 8 7 39 28 98 
26 37 18 60 47 9 3 14 28 29 61 37 58 44 28 29 8 58 53 20 5 10 21 52 49 43 76 69 37 51 60 50 
31 17 97 32 74 86 20 91 1 68 82 57 54 48 23 7 17 67 57 83 74 46 32 21 2 16 7 32 11 19 61 84 
34 52 83 66 99 21 22 47 70 29 26 41 59 80 1 10 21 44 89 25 5 24 39 38 55 52 60 8 82 76 70 47 
24 37 22 39 21 93 17 39 49 82 30 7 81 11 20 72 70 55 18 11 13 87 5 30 57 26 51 49 85 24 15 98 
36 55 89 81 56 63 24 62 88 5 8 87 46 45 84 99 94 6 21 70 61 30 12 87 29 31 59 43 37 95 2 79 
60 67 86 26 81 95 92 58 48 88 6 28 52 54 77 82 57 34 54 36 10 9 1 2 28 56 50 47 17 3 6 79 
94 74 13 79 73 72 13 17 93 71 32 73 21 70 69 1 28 72 90 37 78 41 38 87 53 68 45 94 3 57 3 74 
5 6 50 9 25 81 34 25 14 12 45 59 8 78 62 71 93 84 32 51 19 5 79 7 76 85 38 24 58 41 20 12 
21 48 96 49 70 34 46 10 15 9 56 70 55 62 26 78 90 70 71 81 61 25 41 6 61 84 11 69 25 41 76 73 
70 15 7 68 62 7 71 28 70 65 52 27 43 50 22 72 14 26 16 60 68 1 8 85 21 11 88 62 5 41 22 60 
73 62 48 51 4 99 50 4 55 18 31 95 14 65 35 95 97 81 31 15 79 45 57 62 51 7 4 89 13 2 66 89 
98 25 76 1 61 33 55 82 89 32 67 36 52 46 72 90 45 80 18 1 86 42 3 40 49 4 26 72 66 59 74 41 
71 82 20 42 71 8 10 75 47 97 48 14 11 49 5 74 14 81 70 11 68 1 43 4 20 42 14 61 5 9 88 76 
21 3 65 2 76 25 56 17 43 55 70 88 8 88 21 12 60 55 20 90 16 86 71 83 89 3 56 2 42 89 7 88 
35 34 73 66 10 43 94 51 94 94 61 54 3 28 66 66 87 38 56 28 14 26 84 9 2 53 70 16 9 43 90 5 
36 90 1 83 7 4 59 20 93 76 23 52 85 75 79 2 69 26 5 79 87 68 1 49 97 76 38 17 11 40 19 40 
0.8232132287708868 0.35610302244865316 0.37473297142647394 0.541737725309755 0.40289318371813276 0.2860709096237802 0.3366434273534057 0.6753876349525173 0.7313866818540853 0.4469249982083885 0.41044751835596877 0.4084919081894465 0.20555894238213984 0.5216322367036188 0.47056904710637015 0.6393179312155628 0.8599187995902422 0.25571783420870803 0.5161453243263503 0.7639724509627159 0.6109272671417043 0.7327522323269802 0.3376595675260536 0.21309394873057863 0.5161507430929364 0.404002964800868 0.8443560898565274 0.820323489137764 0.46206832298110617 0.3258264648310264 0.2303606869358032 0.2062705565652862 
0.35610302244865316 0.6657948801343775 0.7263756227616373 0.6519672497720503 0.3836219012168704 0.7712098560384151 0.8733575085823848 0.39532293950560066 0.5743747181894077 0.2579716456762253 0.4107903022688334 0.16156056224947796 0.41313707947178885 0.38816089428165435 0.6964964240385666 0.5716527342592859 0.47927953009856794 0.7671454599773755 0.6092267659762018 0.4615921688448072 0.7353333975634948 0.4841290290066594 0.46212220417794625 0.4130301842617027 0.39033807241641005 0.9258865087707897 0.6630611671488085 0.375644874086869 0.3209058963570435 0.5514676627176818 0.6083939537562866 0.15619419277430457 
0.37473297142647394 0.7263756227616373 0.1767198767416588 0.7384533417175506 0.31869520377759025 0.5811681804680002 0.5899644619487746 0.4727010321099267 0.3512535810247369 0.6405903389099354 0.27325030864705335 0.3067647332801765 0.3155553107260616 0.5409824545258639 0.11411617681434261 0.6433204385785707 0.40025779540953305 0.7345080050868307 0.1543119021986516 0.5266512692679131 0.6305301707220798 0.634781882786247 0.12987142914191763 0.3837805809575551 0.5719906685557723 0.2835353914836069 0.5745611029283184 0.45118245803727963 0.5120963926386379 0.7382947497767263 0.20093110943700898 0.4603571897072993 
0.541737725309755 0.6519672497720503 0.7384533417175506 0.22161426615186175 0.47963520558197464 0.7339108403845105 0.8726828763703376 0.13205323629858556 0.3717231440725 0.37947962244665473 0.3064822282211884 0.6225451335370427 0.5147013563964604 0.6345876357530061 0.39911496439324684 0.4846010973684056 0.3472691921612054 0.7144467857648509 0.3858301808710292 0.6716303439267461 0.05331996509011777 0.8460992773416469 0.4238561592572023 0.1810730949847013 0.5146112884718999 0.46559290100042205 0.3403194236604265 0.47294472627480183 0.8637122435029022 0.8656304585141668 0.4540036029087398 0.608893644695079 
0.40289318371813276 0.3836219012168704 0.31869520377759025 0.47963520558197464 0.7306843159634233 0.5894733482638159 0.49771103585433923 0.4204766895805774 0.368462784216123 0.22642813627764224 0.3101234947445089 0.6697389183346746 0.7098482399004513 0.30937035182102884 0.08376569315352411 0.49554250220066 0.776168647816347 0.6812686674075229 0.7620282211110994 0.8690644741934183 0.41095602341831167 0.43147019981506124 0.4407341698084311 0.4233984076183426 0.1194983671375151 0.8286493805945807 0.8682739817427765 0.6325422959419809 0.5420900642802892 0.5919114686000981 0.6483740421712135 0.33156146665699027 
0.2860709096237802 0.7712098560384151 0.5811681804680002 0.7339108403845105 0.5894733482638159 0.886658936562442 0.832860011019624 0.5679100569822861 0.8477654825003766 0.6155801376383703 0.4532600085916089 0.7741276591743307 0.35225069398569075 0.3770398394071896 0.4992735160038273 0.4733269162951933 0.44453407139289447 0.6616638754011468 0.4222343218693529 0.1332381394376923 0.5958771134564385 0.6401258174225499 0.48583773971170735 0.3166813059531285 0.36616539960894073 0.914328013479673 0.8433018858644965 0.537101470358432 0.6032518510285833 0.2256910721705414 0.48848526310457846 0.48171064017000653 
0.3366434273534057 0.8733575085823848 0.5899644619487746 0.8726828763703376 0.49771103585433923 0.832860011019624 0.12668706199505353 0.6212727941540874 0.6789281956867679 0.7716361795754761 0.9054456826243241 0.444870393872889 0.8756214669725846 0.3694168179049841 0.5336152479192419 0.8418500321009419 0.4632619335154504 0.8632040258202658 0.36743955524812416 0.6782604423960833 0.7764508545765059 0.5760429996490468 0.8076727897725353 0.09971626174734999 0.48329568535048206 0.7262054556546045 0.43925630579784875 0.5896399732398784 0.4043710035352057 0.5806420071743765 0.8560131756481848 0.1855046782643392 
0.6753876349525173 0.39532293950560066 0.4727010321099267 0.13205323629858556 0.4204766895805774 0.5679100569822861 0.6212727941540874 0.8857923303632387 0.758463688887764 0.8903482158166355 0.25158690471085976 0.6717880887185617 0.22635786903116106 0.2623572153338262 0.9277463826513461 0.5709274224852166 0.5818232162130597 0.8040175603946937 0.6660415965385793 0.5216998835478924 0.7366381083356295 0.5744986696399708 0.2177649961595095 0.2696074292931595 0.6551149122080375 0.7044835204561886 0.10248617446478747 0.4379071793230357 0.3605720796079899 0.5535798568469759 0.29381880144928507 0.5522169087781261 
0.7313866818540853 0.5743747181894077 0.3512535810247369 0.3717231440725 0.368462784216123 0.8477654825003766 0.6789281956867679 0.758463688887764 0.9794889209113372 0.2692290060015251 0.7663019806520739 0.6927881352219589 0.30844174738548347 0.5402251216496282 0.5354451928943214 0.4396147598203545 0.24269538428532167 0.3811221584206268 0.8090267105656312 0.12395434964571944 0.8757419010061427 0.32902094172928165 0.521310588684156 0.6655484267863849 0.5664021738278523 0.6052483429469346 0.2828225959499258 0.33075535716305415 0.46509002458839893 0.48205550120346435 0.4339522942098618 0.5823492228243103 
0.4469249982083885 0.2579716456762253 0.6405903389099354 0.37947962244665473 0.22642813627764224 0.6155801376383703 0.7716361795754761 0.8903482158166355 0.2692290060015251 0.24756474874018486 0.408780341506024 0.18885436073446565 0.41626259980744484 0.8061735920813045 0.357490776717197 0.6232922373274692 0.2802662745362862 0.41372541035375643 0.17552604200615657 0.2365543519296679 0.6070155342976944 0.5635291648411406 0.9522588615000465 0.39784086838752614 0.3010367506960979 0.6367626623844628 0.14045897426553494 0.13681437795149287 0.38658508994580937 0.8106167795866435 0.39467841713329715 0.6272465692501352 
0.41044751835596877 0.4107903022688334 0.27325030864705335 0.3064822282211884 0.3101234947445089 0.4532600085916089 0.9054456826243241 0.25158690471085976 0.7663019806520739 0.408780341506024 0.6724435066210092 0.5442440290086558 0.21356914006711408 0.7011353405294991 0.24106842237063586 0.28937638026322965 0.6354397758631396 0.528353907401333 0.42868355039809614 0.32186206722699484 0.702748117185498 0.4711163517775127 0.768357971853891 0.9228783500527249 0.46378116415050613 0.56941709725604 0.18935865195016782 0.46975556880066227 0.2911569257691981 0.2130711094449056 0.4649590864439659 0.30719107809297624 
0.4084919081894465 0.16156056224947796 0.3067647332801765 0.6225451335370427 0.6697389183346746 0.7741276591743307 0.444870393872889 0.6717880887185617 0.6927881352219589 0.18885436073446565 0.5442440290086558 0.5453749646860293 0.8286306042107812 0.3211628248292906 0.5118639885528556 0.4380016514773706 0.581755503052592 0.6088699960001827 0.2525389093803325 0.5366327988606665 0.46275667688581273 0.523373909251969 0.4160764749905609 0.9396050048010101 0.28210262024785987 0.20188325224350517 0.30295435619245703 0.7234054859988412 0.7369036994614984 0.470825312458318 0.6141943183002397 0.5380012327362744 
0.20555894238213984 0.41313707947178885 0.3155553107260616 0.5147013563964604 0.7098482399004513 0.35225069398569075 0.8756214669725846 0.22635786903116106 0.30844174738548347 0.41626259980744484 0.21356914006711408 0.8286306042107812 0.24566677626411937 0.08256987787333991 0.8106188527033464 0.16725719302845748 0.47866722251092586 0.5033179960695531 0.4264196918337935 0.5567787370591009 0.18544559245186204 0.6015589991512024 0.6016165598481715 0.3997767593073083 0.4482536305925165 0.39954396737410636 0.5754172120439279 0.594625079696371 0.7020476115227596 0.16917701013487146 0.48204578853949454 0.5158251213154749 
0.5216322367036188 0.38816089428165435 0.5409824545258639 0.6345876357530061 0.30937035182102884 0.3770398394071896 0.3694168179049841 0.2623572153338262 0.5402251216496282 0.8061735920813045 0.7011353405294991 0.3211628248292906 0.08256987787333991 0.8974923149752407 0.5978320459321688 0.5651728698408827 0.5090186219995864 0.3740964590408233 0.4477333401420501 0.7725134530068161 0.19365830061652523 0.3184701496938104 0.6743853857857942 0.13887783516087426 0.3206458942632453 0.4085900246146316 0.8168733281809453 0.30313147419544373 0.5506553709701735 0.6753783947568461 0.5681629801470077 0.3928622227870022 
0.47056904710637015 0.6964964240385666 0.11411617681434261 0.39911496439324684 0.08376569315352411 0.4992735160038273 0.5336152479192419 0.9277463826513461 0.5354451928943214 0.357490776717197 0.24106842237063586 0.5118639885528556 0.8106188527033464 0.5978320459321688 0.8001249665238176 0.5917927664231343 0.4674724511669622 0.4735884399829751 0.930500281826899 0.8435072432514155 0.5377420838637379 0.7296969875264032 0.5570001699290579 0.5713335109587713 0.4901170783590057 0.1566121393927139 0.5966378044874024 0.5754638474197897 0.5384054732469636 0.6569360403709895 0.532330089799941 0.46668149128330105 
0.6393179312155628 0.5716527342592859 0.6433204385785707 0.4846010973684056 0.49554250220066 0.4733269162951933 0.8418500321009419 0.5709274224852166 0.4396147598203545 0.6232922373274692 0.28937638026322965 0.4380016514773706 0.16725719302845748 0.5651728698408827 0.5917927664231343 0.33411440035566087 0.6628376600135267 0.7120976438884411 0.8482826930019924 0.2678246307947871 0.21781496193631777 0.6459022293363056 0.28867638987466043 0.33800255125902817 0.24400738073809797 0.37088039447642185 0.8454121066418971 0.5691523712496784 0.42953619371389967 0.4512313144717246 0.4776417224168284 0.6150946539368722 
0.8599187995902422 0.47927953009856794 0.40025779540953305 0.3472691921612054 0.776168647816347 0.44453407139289447 0.4632619335154504 0.5818232162130597 0.24269538428532167 0.2802662745362862 0.6354397758631396 0.581755503052592 0.47866722251092586 0.5090186219995864 0.4674724511669622 0.6628376600135267 0.6564256425448319 0.8870707976627732 0.9301168405008191 0.3445106330380912 0.8616367588849148 0.13094932136100412 0.19664952630859 0.2752927897430019 0.4272703348889766 0.6070666739304382 0.5758360705367107 0.1917898006349027 0.37680411703704486 0.669185818492323 0.45581879549098475 0.8058921728445712 
0.25571783420870803 0.7671454599773755 0.7345080050868307 0.7144467857648509 0.6812686674075229 0.6616638754011468 0.8632040258202658 0.8040175603946937 0.3811221584206268 0.41372541035375643 0.528353907401333 0.6088699960001827 0.5033179960695531 0.3740964590408233 0.4735884399829751 0.7120976438884411 0.8870707976627732 0.753092510776632 0.23839364885428405 0.5368798027028395 0.8054493747372375 0.271674398946091 0.49718717729318246 0.6567210467585624 0.4178736822206982 0.5386755147995346 0.8415421862938302 0.5795406413618657 0.2967855217177719 0.5178042681385521 0.40824567919984234 0.5411278085402627 
0.5161453243263503 0.6092267659762018 0.1543119021986516 0.3858301808710292 0.7620282211110994 0.4222343218693529 0.36743955524812416 0.6660415965385793 0.8090267105656312 0.17552604200615657 0.42868355039809614 0.2525389093803325 0.4264196918337935 0.4477333401420501 0.930500281826899 0.8482826930019924 0.9301168405008191 0.23839364885428405 0.8138915683001977 0.12988321763614608 0.5791490934977296 0.6921119596354497 0.787343505544321 0.7019869171167148 0.45230361812184483 0.6327475333107845 0.28897567657947787 0.2557391157331983 0.7188244012014638 0.5567351935516764 0.36379048475685616 0.48321186880109895 
0.7639724509627159 0.4615921688448072 0.5266512692679131 0.6716303439267461 0.8690644741934183 0.1332381394376923 0.6782604423960833 0.5216998835478924 0.12395434964571944 0.2365543519296679 0.32186206722699484 0.5366327988606665 0.5567787370591009 0.7725134530068161 0.8435072432514155 0.2678246307947871 0.3445106330380912 0.5368798027028395 0.12988321763614608 0.9066414897565322 0.31678882651960144 0.6524675555331806 0.6742294559171025 0.40382994856070564 0.12123328510186182 0.08556515802344028 0.3927210950026568 0.692889733130086 0.3222680547437102 0.4633419650316706 0.4922322279924029 0.2090346450588434 
0.6109272671417043 0.7353333975634948 0.6305301707220798 0.05331996509011777 0.41095602341831167 0.5958771134564385 0.7764508545765059 0.7366381083356295 0.8757419010061427 0.6070155342976944 0.702748117185498 0.46275667688581273 0.18544559245186204 0.19365830061652523 0.5377420838637379 0.21781496193631777 0.8616367588849148 0.8054493747372375 0.5791490934977296 0.31678882651960144 0.7629224567222491 0.3843147491566193 0.26332127035513764 0.6631253711591004 0.5664657880154135 0.5783134667476187 0.8011656820281752 0.4081006504014022 0.44535992917645123 0.16771974937436435 0.6455016982538571 0.2784992941826888 
0.7327522323269802 0.4841290290066594 0.634781882786247 0.8460992773416469 0.43147019981506124 0.6401258174225499 0.5760429996490468 0.5744986696399708 0.32902094172928165 0.5635291648411406 0.4711163517775127 0.523373909251969 0.6015589991512024 0.3184701496938104 0.7296969875264032 0.6459022293363056 0.13094932136100412 0.271674398946091 0.6921119596354497 0.6524675555331806 0.3843147491566193 0.028430553989834295 0.1574317334839549 0.7332703751399431 0.6540891766476618 0.5093230658265797 0.2853753749081079 0.5042758052964078 0.4091971253376294 0.736538277006451 0.6577415117542114 0.8683909772011593 
0.3376595675260536 0.46212220417794625 0.12987142914191763 0.4238561592572023 0.4407341698084311 0.48583773971170735 0.8076727897725353 0.2177649961595095 0.521310588684156 0.9522588615000465 0.768357971853891 0.4160764749905609 0.6016165598481715 0.6743853857857942 0.5570001699290579 0.28867638987466043 0.19664952630859 0.49718717729318246 0.787343505544321 0.6742294559171025 0.26332127035513764 0.1574317334839549 0.5040974685504992 0.582173835331949 0.9020914063199728 0.6693903196114095 0.4329219037232485 0.7183502607666103 0.7263218836365981 0.2582005551865125 0.6482058922882687 0.42357011742438705 
0.21309394873057863 0.4130301842617027 0.3837805809575551 0.1810730949847013 0.4233984076183426 0.3166813059531285 0.09971626174734999 0.2696074292931595 0.6655484267863849 0.39784086838752614 0.9228783500527249 0.9396050048010101 0.3997767593073083 0.13887783516087426 0.5713335109587713 0.33800255125902817 0.2752927897430019 0.6567210467585624 0.7019869171167148 0.40382994856070564 0.6631253711591004 0.7332703751399431 0.582173835331949 0.7540395484484633 0.46884455326654845 0.604483433266265 0.9742440936655163 0.6800744767101462 0.30471454286085264 0.6044738412676847 0.6372769275547576 0.37591711102177666 
0.5161507430929364 0.39033807241641005 0.5719906685557723 0.5146112884718999 0.1194983671375151 0.36616539960894073 0.48329568535048206 0.6551149122080375 0.5664021738278523 0.3010367506960979 0.46378116415050613 0.28210262024785987 0.4482536305925165 0.3206458942632453 0.4901170783590057 0.24400738073809797 0.4272703348889766 0.4178736822206982 0.45230361812184483 0.12123328510186182 0.5664657880154135 0.6540891766476618 0.9020914063199728 0.46884455326654845 0.7687220528200636 0.1133148580506318 0.2577222969673232 0.4139529536304164 0.8719624094011866 0.17492100005468753 0.6185117665054993 0.24607845318954008 
0.404002964800868 0.9258865087707897 0.2835353914836069 0.46559290100042205 0.8286493805945807 0.914328013479673 0.7262054556546045 0.7044835204561886 0.6052483429469346 0.6367626623844628 0.56941709725604 0.20188325224350517 0.39954396737410636 0.4085900246146316 0.1566121393927139 0.37088039447642185 0.6070666739304382 0.5386755147995346 0.6327475333107845 0.08556515802344028 0.5783134667476187 0.5093230658265797 0.6693903196114095 0.604483433266265 0.1133148580506318 0.25173500632848134 0.718148075330407 0.4924871155095159 0.28028487190122875 0.5069567808224037 0.6093374324303298 0.6634016435132053 
0.8443560898565274 0.6630611671488085 0.5745611029283184 0.3403194236604265 0.8682739817427765 0.8433018858644965 0.43925630579784875 0.10248617446478747 0.2828225959499258 0.14045897426553494 0.18935865195016782 0.30295435619245703 0.5754172120439279 0.8168733281809453 0.5966378044874024 0.8454121066418971 0.5758360705367107 0.8415421862938302 0.28897567657947787 0.3927210950026568 0.8011656820281752 0.2853753749081079 0.4329219037232485 0.9742440936655163 0.2577222969673232 0.718148075330407 0.6092233241928952 0.27638358154463055 0.6386742143548165 0.710898662316809 0.6618157168518305 0.41093576441847446 
0.820323489137764 0.375644874086869 0.45118245803727963 0.47294472627480183 0.6325422959419809 0.537101470358432 0.5896399732398784 0.4379071793230357 0.33075535716305415 0.13681437795149287 0.46975556880066227 0.7234054859988412 0.594625079696371 0.30313147419544373 0.5754638474197897 0.5691523712496784 0.1917898006349027 0.5795406413618657 0.2557391157331983 0.692889733130086 0.4081006504014022 0.5042758052964078 0.7183502607666103 0.6800744767101462 0.4139529536304164 0.4924871155095159 0.27638358154463055 0.013798803322302211 0.35116056006447477 0.7909608417617869 0.8797290565610925 0.3805632127321124 
0.46206832298110617 0.3209058963570435 0.5120963926386379 0.8637122435029022 0.5420900642802892 0.6032518510285833 0.4043710035352057 0.3605720796079899 0.46509002458839893 0.38658508994580937 0.2911569257691981 0.7369036994614984 0.7020476115227596 0.5506553709701735 0.5384054732469636 0.42953619371389967 0.37680411703704486 0.2967855217177719 0.7188244012014638 0.3222680547437102 0.44535992917645123 0.4091971253376294 0.7263218836365981 0.30471454286085264 0.8719624094011866 0.28028487190122875 0.6386742143548165 0.35116056006447477 0.3620435644187918 0.5858045778770202 0.45016317264857203 0.4952651837377538 
0.3258264648310264 0.5514676627176818 0.7382947497767263 0.8656304585141668 0.5919114686000981 0.2256910721705414 0.5806420071743765 0.5535798568469759 0.48205550120346435 0.8106167795866435 0.2130711094449056 0.470825312458318 0.16917701013487146 0.6753783947568461 0.6569360403709895 0.4512313144717246 0.669185818492323 0.5178042681385521 0.5567351935516764 0.4633419650316706 0.16771974937436435 0.736538277006451 0.2582005551865125 0.6044738412676847 0.17492100005468753 0.5069567808224037 0.710898662316809 0.7909608417617869 0.5858045778770202 0.9492898746591292 0.11729020007969593 0.27078217979813685 
0.2303606869358032 0.6083939537562866 0.20093110943700898 0.4540036029087398 0.6483740421712135 0.48848526310457846 0.8560131756481848 0.29381880144928507 0.4339522942098618 0.39467841713329715 0.4649590864439659 0.6141943183002397 0.48204578853949454 0.5681629801470077 0.532330089799941 0.4776417224168284 0.45581879549098475 0.40824567919984234 0.36379048475685616 0.4922322279924029 0.6455016982538571 0.6577415117542114 0.6482058922882687 0.6372769275547576 0.6185117665054993 0.6093374324303298 0.6618157168518305 0.8797290565610925 0.45016317264857203 0.11729020007969593 0.8898892183430962 0.5385657842656152 
0.2062705565652862 0.15619419277430457 0.4603571897072993 0.608893644695079 0.33156146665699027 0.48171064017000653 0.1855046782643392 0.5522169087781261 0.5823492228243103 0.6272465692501352 0.30719107809297624 0.5380012327362744 0.5158251213154749 0.3928622227870022 0.46668149128330105 0.6150946539368722 0.8058921728445712 0.5411278085402627 0.48321186880109895 0.2090346450588434 0.2784992941826888 0.8683909772011593 0.42357011742438705 0.37591711102177666 0.24607845318954008 0.6634016435132053 0.41093576441847446 0.3805632127321124 0.4952651837377538 0.27078217979813685 0.5385657842656152 0.8986830114738804 