16 3.1609394732706115 12.660107960378667 228 3010
62 42 54 57 5 50 33 41 77 88 36 100 19 42 47 24 
36 48 10 69 22 69 90 59 7 86 21 65 26 51 32 66 
28 93 40 70 42 52 12 11 36 24 59 59 63 85 24 28 
41 92 26 7 13 9 95 29 94 59 11 8 3 98 51 61 
2 18 75 98 7 56 8 72 91 5 41 69 11 19 93 73 
61 43 1 46 57 1 62 98 40 52 73 66 71 83 98 33 
54 57 36 81 40 62 72 42 44 34 23 26 73 19 11 97 
56 29 52 87 73 65 12 63 94 1 33 34 42 36 4 7 
65 7 4 15 16 65 32 45 71 76 92 34 42 46 15 84 
49 45 62 53 21 36 100 82 91 84 43 13 61 3 55 73 
31 27 79 39 29 3 4 17 44 2 34 39 53 20 18 57 
18 73 94 63 65 90 5 82 78 94 99 18 31 94 91 49 
48 43 41 34 95 18 76 1 45 97 16 92 65 41 47 39 
93 26 31 43 39 26 12 74 33 83 5 64 88 31 88 8 
99 80 25 42 72 58 57 92 25 14 75 4 93 73 27 76 
24 39 81 28 44 97 95 62 90 66 25 30 51 45 85 47 
0.5335419155889327 0.43228709082897104 0.24949720360316657 0.799519036061626 0.25915367819965923 0.5661640870360629 0.19148372590985396 0.2971285778868715 0.5723800759540141 0.7256880866851559 0.6944384457313362 0.5434436275956611 0.5271872994056122 0.05268299656111752 0.2796230615230764 0.5766459166023916 
0.43228709082897104 0.19519730898004406 0.41967182961974503 0.41274491959401477 0.36304327796138075 0.21390337093588047 0.8319580264801731 0.5355882277243108 0.21693001473126877 0.7370857694541189 0.5581198696240051 0.5802689545025173 0.5596388599375284 0.6465314445849755 0.4261571744283994 0.6312516800957129 
0.24949720360316657 0.41967182961974503 0.21962414304444666 0.6755201609603353 0.3133009612248406 0.41638870486409163 0.33596708134065534 0.4013858510715401 0.5263473242349418 0.6718095033962281 0.1410466244901974 0.49484201045199155 0.44641259688292473 0.7513322824048272 0.6048270668678573 0.24206675361160057 
0.799519036061626 0.41274491959401477 0.6755201609603353 0.170858455521116 0.7791918764335226 0.317692401284676 0.441100526987038 0.4100943449923565 0.22313151281641508 0.33778586452654363 0.6746497507344473 0.9066029145246595 0.2587965051158842 0.899918402234853 0.4885322450167907 0.0994339302133086 
0.25915367819965923 0.36304327796138075 0.3133009612248406 0.7791918764335226 0.6800438955829636 0.6210851209595929 0.29673765753277487 0.5178903486592852 0.5202460629226797 0.7504231898795827 0.5485696166067353 0.7017816585991961 0.24593989880183426 0.7726249599632691 0.17509003075925655 0.18433781869904242 
0.5661640870360629 0.21390337093588047 0.41638870486409163 0.317692401284676 0.6210851209595929 0.6266082476562074 0.5751719605828536 0.28334493604667343 0.43569647444954046 0.5900341033781222 0.4287084608014966 0.3095730973195225 0.55424036847046 0.4214600455242359 0.43649652921893106 0.4963914179779489 
0.19148372590985396 0.8319580264801731 0.33596708134065534 0.441100526987038 0.29673765753277487 0.5751719605828536 0.41262074911462543 0.43902994874412743 0.8959769249304381 0.5495456884425325 0.2942970488216449 0.9599784975475273 0.8468509166125954 0.2976740243753888 0.7178017081793786 0.2504920782885975 
0.2971285778868715 0.5355882277243108 0.4013858510715401 0.4100943449923565 0.5178903486592852 0.28334493604667343 0.43902994874412743 0.8401143428814105 0.3861379419172252 0.6725250709310007 0.7333397797044194 0.752156479063206 0.27228160351923736 0.15811518962445498 0.6257104200083543 0.7232485389618413 
0.5723800759540141 0.21693001473126877 0.5263473242349418 0.22313151281641508 0.5202460629226797 0.43569647444954046 0.8959769249304381 0.3861379419172252 0.20096157585336416 0.4953177896457342 0.5549897888563673 0.4358027874687828 0.5302339288867766 0.5551260638788813 0.541930289548564 0.6597955238027454 
0.7256880866851559 0.7370857694541189 0.6718095033962281 0.33778586452654363 0.7504231898795827 0.5900341033781222 0.5495456884425325 0.6725250709310007 0.4953177896457342 0.6101782254315675 0.5177241809544171 0.6022707977561536 0.6712539679298603 0.3680781289447275 0.7952630925855739 0.8312834867731076 
0.6944384457313362 0.5581198696240051 0.1410466244901974 0.6746497507344473 0.5485696166067353 0.4287084608014966 0.2942970488216449 0.7333397797044194 0.5549897888563673 0.5177241809544171 0.8650137536051783 0.9927238432177194 0.7149695643174219 0.7405502224037568 0.6990906740396002 0.6815116280995757 
0.5434436275956611 0.5802689545025173 0.49484201045199155 0.9066029145246595 0.7017816585991961 0.3095730973195225 0.9599784975475273 0.752156479063206 0.4358027874687828 0.6022707977561536 0.9927238432177194 0.8029390982355351 0.2044176886815841 0.36925611015962045 0.35601305445484893 0.4354142384562516 
0.5271872994056122 0.5596388599375284 0.44641259688292473 0.2587965051158842 0.24593989880183426 0.55424036847046 0.8468509166125954 0.27228160351923736 0.5302339288867766 0.6712539679298603 0.7149695643174219 0.2044176886815841 0.603320436355662 0.8638133978899323 0.5140132368041759 0.6680541570741855 
0.05268299656111752 0.6465314445849755 0.7513322824048272 0.899918402234853 0.7726249599632691 0.4214600455242359 0.2976740243753888 0.15811518962445498 0.5551260638788813 0.3680781289447275 0.7405502224037568 0.36925611015962045 0.8638133978899323 0.8614343877182599 0.6777766003757423 0.31307494662261204 
0.2796230615230764 0.4261571744283994 0.6048270668678573 0.4885322450167907 0.17509003075925655 0.43649652921893106 0.7178017081793786 0.6257104200083543 0.541930289548564 0.7952630925855739 0.6990906740396002 0.35601305445484893 0.5140132368041759 0.6777766003757423 0.27784521124265615 0.43247124725630715 
0.5766459166023916 0.6312516800957129 0.24206675361160057 0.0994339302133086 0.18433781869904242 0.4963914179779489 0.2504920782885975 0.7232485389618413 0.6597955238027454 0.8312834867731076 0.6815116280995757 0.4354142384562516 0.6680541570741855 0.31307494662261204 0.43247124725630715 0.11629290756170496 