16
3 62 99 77 25 72 33 35 78 78 59 59 17 97 69 52 
25 79 78 94 76 79 30 13 60 67 76 38 34 46 71 40 
13 86 90 94 74 68 23 49 53 90 54 68 79 53 62 22 
48 21 49 30 4 75 50 89 20 3 70 76 42 39 89 74 
57 52 8 80 64 27 44 83 40 4 57 6 15 12 19 41 
59 13 9 29 23 75 39 58 54 18 68 84 41 86 20 70 
23 10 63 99 52 9 68 58 73 73 20 89 60 65 98 81 
90 38 25 38 99 19 42 96 56 7 60 76 49 18 65 97 
45 19 54 39 25 41 12 20 64 71 89 39 4 79 18 25 
17 35 27 45 14 70 39 76 47 30 2 41 48 44 32 47 
70 67 75 24 39 48 74 55 53 79 12 28 90 6 36 56 
96 59 55 79 71 68 66 87 73 52 98 10 81 62 54 80 
45 37 32 97 100 39 23 34 24 76 79 41 23 14 56 26 
63 17 43 68 51 55 37 29 11 58 79 38 28 43 80 31 
47 98 8 32 41 76 11 76 61 35 85 4 84 20 54 13 
95 86 11 24 36 27 84 39 23 12 82 56 50 22 39 50 
24 170 55 188 111 97 44 43 99 66 95 129 78 111 43 103 
170 84 150 144 178 161 113 135 103 106 98 108 58 78 143 141 
55 150 42 156 100 75 176 108 102 117 116 23 180 153 112 80 
188 144 156 192 154 49 113 87 183 66 157 144 101 95 72 58 
111 178 100 154 76 77 37 68 48 28 150 127 115 82 55 68 
97 161 75 49 77 196 146 25 62 153 77 102 90 102 143 192 
44 113 176 113 37 146 146 100 152 62 87 117 136 85 87 78 
43 135 108 87 68 25 100 114 85 183 129 91 118 57 74 21 
99 103 102 183 48 62 152 85 138 65 64 175 143 90 48 121 
66 106 117 66 28 153 62 183 65 52 68 61 150 87 119 182 
95 98 116 157 150 77 87 129 64 68 76 132 44 107 110 131 
129 108 23 144 127 102 117 91 175 61 132 198 172 120 99 109 
78 58 180 101 115 90 136 118 143 150 44 172 94 55 106 107 
111 78 153 95 82 102 85 57 90 87 107 120 55 46 95 87 
43 143 112 72 55 143 87 74 48 119 110 99 106 95 172 75 
103 141 80 58 68 192 78 21 121 182 131 109 107 87 75 162 