64 6.031821477458766 57.20558147993045 372 12546
92 41 3 49 28 35 34 78 4 4 88 88 60 33 62 52 66 41 94 78 82 12 7 96 89 83 17 39 10 9 15 75 31 24 36 18 2 24 62 67 2 47 99 2 4 85 56 21 75 66 86 100 11 1 17 64 47 56 50 88 59 24 93 80 
2 92 12 2 40 88 56 34 46 36 7 36 1 65 26 96 37 40 7 25 42 39 57 80 34 50 40 95 97 96 6 27 2 13 21 27 43 77 47 85 66 46 4 81 23 16 9 65 25 33 53 61 60 89 14 99 59 75 11 92 83 30 44 81 
65 65 44 15 76 96 61 51 6 32 31 28 1 59 48 72 98 67 5 18 100 73 21 76 68 7 26 46 54 100 66 24 9 84 16 12 56 58 33 55 99 37 19 69 99 1 97 34 49 36 53 12 29 31 53 82 47 57 22 91 46 83 18 36 
40 98 45 4 31 90 31 76 94 65 14 21 79 69 44 74 41 76 85 16 24 47 21 83 48 86 11 58 98 34 54 21 53 63 24 77 19 79 68 16 59 13 94 30 1 45 64 72 22 5 53 59 24 9 59 14 61 99 20 19 80 28 95 82 
35 55 67 59 60 52 59 54 25 97 87 97 82 29 8 46 10 87 5 32 65 60 34 59 50 81 65 72 73 83 96 8 19 35 14 19 12 58 19 25 9 71 11 2 78 87 69 64 81 99 82 98 3 73 44 82 84 39 18 99 81 57 43 8 
33 45 64 91 49 47 99 77 25 6 80 96 97 67 37 54 16 37 54 82 99 7 63 42 79 26 90 25 42 66 78 58 14 27 94 57 78 2 57 5 18 98 87 34 26 87 50 54 93 80 42 67 32 58 95 80 4 6 12 83 30 36 78 1 
22 20 96 40 49 49 2 75 1 95 75 83 6 37 1 22 77 90 44 54 45 84 57 63 5 71 75 55 46 47 74 91 48 2 14 43 63 19 25 35 51 91 30 65 74 53 66 25 46 91 54 68 42 40 83 14 21 64 47 60 76 78 16 98 
45 48 9 61 7 4 53 95 45 50 74 20 86 23 53 95 31 17 45 23 69 61 4 96 74 24 59 92 99 4 88 13 84 61 45 49 95 88 3 17 84 4 95 27 43 30 94 54 78 94 18 86 88 12 36 78 32 71 87 17 70 32 13 16 
9 2 40 53 12 33 9 69 32 2 85 75 44 24 82 48 72 56 57 81 37 35 11 19 84 89 98 83 28 93 94 91 90 61 20 90 86 49 62 93 27 31 63 10 41 77 62 37 97 52 86 68 81 55 33 57 61 98 11 90 96 49 93 78 
85 62 58 76 54 40 69 92 6 88 93 71 54 19 95 1 44 8 54 91 61 28 65 42 64 39 84 91 95 72 91 85 70 30 54 5 27 99 45 15 15 41 23 49 29 24 81 21 9 100 27 94 26 84 55 21 93 10 51 74 83 45 8 17 
61 43 24 47 43 98 58 92 10 61 26 3 18 43 35 34 45 12 89 79 40 49 93 18 22 56 42 27 52 45 19 24 56 31 1 48 67 36 18 88 70 68 64 48 30 1 94 5 72 36 64 11 91 50 28 7 69 42 19 46 76 12 24 9 
49 34 57 69 96 100 22 93 89 72 78 97 15 48 24 99 4 34 96 96 89 19 2 57 10 93 81 5 61 51 61 95 91 92 59 55 59 20 37 46 54 90 91 24 67 4 30 12 71 84 19 5 46 62 97 44 95 88 20 72 68 1 50 3 
19 47 87 20 13 64 10 66 28 22 73 83 73 45 24 84 83 78 57 46 27 20 34 32 67 15 65 59 14 99 37 36 61 41 37 67 13 83 96 95 58 34 51 73 74 91 32 51 18 69 17 71 10 43 25 17 17 35 32 32 25 47 51 36 
47 77 76 20 1 58 22 91 20 36 91 28 94 76 49 78 47 4 65 24 41 78 26 30 51 26 59 70 6 35 44 60 73 12 22 27 95 96 82 99 49 12 71 98 68 84 26 48 10 66 18 54 50 41 50 37 5 20 90 53 18 46 54 69 
58 44 86 67 5 13 99 36 56 25 38 46 69 55 60 41 12 54 98 64 78 96 53 77 7 60 60 96 59 45 15 1 20 71 20 21 21 90 4 91 43 44 12 6 1 94 85 20 100 42 94 95 19 59 90 97 89 8 86 92 86 54 49 98 
82 1 56 16 20 66 27 51 15 59 10 13 52 64 30 47 12 6 72 32 39 50 40 7 77 43 63 85 90 3 51 29 31 95 11 27 94 48 59 4 47 56 21 100 83 34 58 14 48 83 46 56 47 63 25 20 91 23 61 54 71 18 31 49 
89 14 73 56 63 13 31 11 5 63 8 47 91 38 45 9 46 77 68 24 48 49 39 17 51 66 12 29 78 96 97 57 48 69 67 46 63 87 47 81 80 18 79 46 56 84 58 47 96 87 60 59 6 58 14 3 51 32 38 17 20 87 44 81 
42 22 7 47 80 56 23 77 19 72 9 3 58 62 89 73 65 100 16 54 93 9 4 87 21 66 39 73 45 81 41 87 84 9 25 81 36 97 73 51 34 92 64 91 50 9 47 17 65 69 78 30 39 65 37 14 72 72 86 32 41 50 59 51 
93 14 87 21 6 58 96 87 83 30 30 70 82 10 44 4 81 33 32 7 36 70 25 1 99 50 11 28 9 85 99 71 83 4 77 56 69 54 84 33 18 22 19 75 68 17 46 27 26 80 66 4 42 61 18 1 56 33 19 26 83 86 32 32 
17 50 89 92 66 100 96 70 36 80 86 84 63 74 8 83 90 20 80 93 16 66 5 47 39 52 85 31 45 1 12 8 40 71 79 20 8 63 21 97 82 96 21 89 76 88 93 18 85 98 61 36 46 53 53 13 57 29 32 77 66 25 91 80 
9 34 35 11 50 12 22 52 76 90 2 18 87 12 15 32 2 21 71 57 4 42 52 28 24 72 46 35 79 94 53 19 21 48 66 95 90 97 41 7 96 61 91 13 34 19 93 65 10 28 1 100 11 34 52 92 13 55 87 88 49 14 17 31 
72 75 40 96 70 6 40 97 31 72 27 93 6 1 9 1 45 52 26 25 54 39 100 90 84 97 98 65 20 61 62 19 69 59 34 29 58 52 64 72 47 45 16 50 28 29 6 42 49 61 34 20 72 63 64 48 25 22 77 45 34 60 21 34 
15 99 89 92 39 77 6 58 7 6 49 71 57 34 78 79 75 75 86 35 69 59 43 8 40 80 73 36 4 35 93 63 47 13 48 12 30 80 61 42 97 84 87 94 24 72 99 67 9 19 66 64 9 33 8 5 10 10 32 85 19 45 38 10 
4 78 60 66 89 35 87 44 3 65 29 49 43 28 87 8 4 64 47 6 59 53 92 67 29 53 56 90 77 41 33 75 57 72 23 83 66 26 8 2 14 18 59 38 56 88 50 56 22 42 19 18 82 70 72 24 24 15 77 92 59 61 51 33 
71 34 12 18 92 7 81 75 64 43 4 35 45 13 52 65 46 24 21 60 24 93 51 20 68 88 45 86 34 18 87 83 92 100 33 13 14 27 100 53 54 48 13 45 21 48 21 100 85 30 2 75 30 74 15 78 85 8 63 82 71 56 38 66 
58 13 54 98 70 26 33 7 13 22 5 16 75 46 7 81 27 67 30 24 47 32 85 54 57 41 89 92 1 77 56 58 94 93 95 44 21 20 9 10 54 42 48 88 34 66 7 27 14 77 46 76 47 97 46 80 28 90 62 28 44 83 62 96 
57 16 8 57 60 46 85 44 86 62 13 59 29 99 14 16 15 65 95 47 57 93 5 22 54 22 49 70 64 19 89 89 98 85 29 10 5 58 89 94 14 62 14 5 11 16 70 60 13 2 79 75 38 67 56 78 13 25 88 1 18 92 44 63 
78 23 24 67 96 44 89 66 88 47 32 64 62 81 25 81 31 10 29 57 49 77 81 11 92 12 24 96 7 99 67 97 51 27 48 57 11 79 60 91 85 4 99 100 41 93 43 28 12 88 55 54 48 53 80 31 15 60 32 13 21 18 84 61 
15 72 3 86 81 66 85 27 5 91 65 1 48 18 67 61 62 70 80 59 42 85 2 70 67 45 92 6 35 71 100 11 68 55 45 34 97 35 80 63 23 83 87 96 35 97 87 79 57 34 20 92 11 10 50 74 67 16 81 73 1 42 91 80 
48 71 28 97 57 9 25 7 24 6 97 48 5 98 71 16 59 77 4 87 88 17 60 39 54 63 89 91 32 63 66 32 80 5 31 20 32 100 42 22 40 26 25 47 18 67 40 80 97 83 97 1 34 28 69 65 50 45 22 77 89 88 41 100 
53 74 40 4 77 89 8 47 88 51 94 98 12 65 14 68 55 43 71 46 63 10 86 24 75 42 47 39 60 77 83 14 39 14 70 87 87 35 97 91 59 63 15 38 77 93 6 36 18 58 63 75 52 9 80 9 24 33 96 4 87 94 52 92 
8 44 44 97 40 11 95 56 46 89 71 1 28 11 75 39 47 12 44 9 83 59 60 29 85 4 24 37 97 91 16 66 84 80 92 46 58 57 75 100 21 20 59 72 10 10 52 75 46 33 2 57 37 24 39 22 24 86 72 93 60 5 76 23 
24 72 30 34 79 26 5 98 73 50 9 47 74 80 37 38 4 74 93 66 99 57 95 33 21 25 86 6 99 79 24 55 54 28 36 9 99 96 24 42 12 34 9 53 92 90 11 20 64 14 1 36 80 84 4 19 22 72 68 48 45 95 99 7 
75 72 10 25 76 49 99 29 40 30 23 29 61 52 89 26 16 99 43 55 52 80 57 88 99 25 26 15 96 56 96 91 14 95 38 77 14 76 89 47 60 80 92 4 38 57 5 43 97 63 86 29 47 40 70 88 11 92 40 49 34 94 57 46 
59 63 35 83 2 72 17 27 45 60 91 24 6 15 86 59 33 34 19 95 12 6 98 74 95 76 1 91 75 39 54 83 3 69 70 53 15 6 31 15 48 44 97 60 49 27 2 15 48 71 71 89 29 1 38 87 6 22 39 26 53 6 30 58 
65 25 81 38 34 43 85 37 91 54 55 100 52 14 98 52 53 82 36 96 64 60 39 16 40 64 6 74 86 98 28 64 99 61 4 88 96 26 42 63 53 69 95 84 6 30 90 88 6 11 74 64 63 94 85 19 79 84 14 48 88 17 55 58 
24 100 66 10 59 24 41 42 69 80 52 55 41 98 42 96 93 94 21 37 52 63 95 23 79 42 84 43 83 7 36 17 67 14 78 81 68 89 6 15 95 77 96 5 46 56 21 17 31 57 10 3 46 64 3 67 78 4 5 85 13 62 81 42 
95 46 48 69 99 52 68 65 93 83 25 85 41 53 50 35 26 71 93 74 59 25 7 73 64 3 8 33 85 51 92 33 91 61 28 98 91 84 31 6 23 78 11 45 100 87 83 69 80 62 88 70 52 62 96 88 25 32 34 77 82 8 71 94 
95 92 8 28 18 78 55 57 24 11 93 53 21 30 76 98 85 25 53 83 34 76 4 33 93 20 90 76 6 51 49 52 74 51 6 64 38 43 99 85 83 17 59 80 63 61 93 78 7 2 84 63 90 40 66 37 49 69 72 50 76 68 24 89 
22 6 53 17 94 36 14 71 25 24 80 90 55 65 91 41 72 29 34 6 96 41 77 100 1 36 4 17 9 8 22 51 55 33 97 56 53 77 4 39 54 72 87 7 50 63 68 50 4 59 64 34 18 61 87 38 74 49 45 2 29 48 72 98 
65 24 32 9 26 10 70 86 19 19 43 35 43 9 36 15 39 68 88 91 24 41 58 31 23 42 90 75 87 89 94 71 24 23 86 96 81 43 2 75 95 14 4 72 5 61 84 47 13 46 7 4 100 28 14 91 1 62 21 24 68 42 22 100 
49 28 96 62 37 49 76 86 73 88 85 32 51 91 68 73 35 68 86 15 96 52 16 100 5 1 21 55 38 97 52 59 87 85 19 99 54 19 75 69 14 100 65 22 76 42 71 45 52 53 82 24 7 68 83 36 100 44 45 20 34 40 59 69 
52 7 97 92 74 23 76 3 38 71 14 61 25 19 55 52 31 2 74 12 49 75 60 16 59 57 21 90 75 96 54 92 16 23 58 4 37 15 32 68 49 46 76 87 34 10 15 100 96 91 94 41 8 35 39 57 59 11 52 70 68 6 36 96 
59 52 18 45 70 55 2 81 92 78 74 19 25 51 61 11 64 35 31 45 38 44 75 46 85 15 70 97 77 61 22 61 6 63 45 27 72 24 51 48 92 96 89 53 90 90 2 46 100 25 1 8 42 39 15 36 85 33 31 15 61 40 63 65 
42 8 96 100 6 78 76 48 12 88 38 82 16 71 24 72 83 79 90 6 52 35 41 5 80 29 16 85 30 96 26 39 86 25 14 63 2 66 56 25 21 64 26 87 27 23 65 92 62 32 38 73 60 63 98 12 3 33 35 78 8 76 29 29 
16 7 90 20 64 8 79 11 74 64 47 78 12 79 80 9 89 8 36 27 35 7 2 48 6 65 22 90 86 10 84 43 62 75 71 34 78 12 13 17 8 20 78 3 81 18 59 58 2 54 80 91 73 57 50 24 86 96 60 10 81 98 86 6 
66 11 32 17 79 71 93 60 37 34 42 13 65 1 74 41 87 90 81 59 9 34 53 32 49 41 71 87 3 41 88 80 96 77 30 73 46 25 13 6 43 14 73 61 32 79 39 35 3 22 79 43 87 20 46 79 69 40 45 37 36 59 58 67 
9 47 63 43 16 68 25 64 38 63 49 21 37 43 60 67 44 81 90 84 13 47 86 100 46 83 43 44 16 21 79 52 98 70 37 58 9 29 90 9 53 90 7 84 57 39 48 15 60 30 85 41 75 72 25 78 62 41 45 19 61 19 99 10 
74 29 4 74 23 83 89 19 58 25 72 82 65 59 49 72 48 13 82 2 50 52 99 75 7 13 5 28 30 72 67 22 70 46 94 47 57 85 32 31 43 43 85 75 7 65 55 42 39 66 9 45 39 26 93 18 95 55 6 39 44 36 24 57 
37 62 99 65 94 49 39 28 12 10 46 60 66 73 47 51 15 32 27 30 16 67 63 22 90 91 21 38 50 17 54 71 46 82 27 32 47 18 83 21 22 75 98 54 15 16 87 97 48 30 88 54 18 27 98 59 80 47 83 96 95 13 20 49 
63 52 38 28 74 12 72 44 72 95 63 15 21 38 36 11 26 13 88 7 44 93 34 90 56 30 20 14 39 45 3 76 54 53 82 5 30 73 36 78 72 69 93 89 54 32 59 71 27 81 51 31 63 74 44 2 27 5 71 82 83 60 37 92 
26 47 23 11 95 92 40 3 13 73 10 22 18 44 18 94 76 48 22 33 70 9 80 8 52 68 65 54 95 93 32 82 5 86 46 14 52 47 19 32 15 1 84 54 94 48 96 16 12 68 77 45 96 36 51 98 9 2 94 72 79 90 20 44 
84 16 70 50 64 26 75 89 68 48 9 89 9 63 3 20 85 69 87 42 34 15 11 73 61 65 17 94 40 4 70 27 84 35 27 31 58 7 27 56 83 52 50 80 62 9 85 92 37 11 29 72 26 35 9 72 39 84 66 40 91 36 56 55 
82 72 82 55 50 71 1 23 70 99 37 24 18 56 88 77 24 80 33 79 24 74 11 9 50 71 15 8 61 82 59 37 1 2 94 57 58 79 22 53 88 9 77 76 41 61 60 48 30 75 43 69 59 9 23 28 40 66 27 28 11 81 99 72 
17 71 21 91 3 28 91 63 64 69 52 48 81 93 95 97 57 89 9 99 99 39 62 32 90 92 17 28 67 77 100 51 76 54 11 67 100 74 62 96 84 66 82 44 52 49 27 23 36 69 90 1 61 21 15 80 14 82 9 21 3 32 68 62 
2 91 44 41 44 74 99 7 69 72 73 41 63 25 18 37 67 57 88 1 87 32 62 76 53 22 69 91 70 8 13 87 50 71 66 72 43 66 11 81 46 1 46 62 10 28 86 24 100 37 11 98 94 78 68 19 98 64 29 69 13 73 99 51 
80 76 2 30 92 93 49 98 85 85 21 94 88 28 42 25 18 54 12 2 1 29 11 31 80 86 71 12 74 65 50 71 57 17 33 66 92 53 9 72 8 77 36 3 49 60 50 40 46 75 19 63 82 60 37 67 83 48 45 87 71 87 21 92 
66 66 41 17 100 91 25 47 58 42 53 13 8 74 7 51 10 67 70 4 51 14 67 17 20 43 60 97 36 83 83 61 54 3 21 35 42 12 66 17 29 34 20 67 68 84 14 15 41 24 90 44 48 65 90 67 90 88 10 54 63 74 33 41 
67 10 29 23 48 62 36 57 78 10 21 72 28 92 99 23 85 14 46 76 32 77 17 48 2 11 96 17 30 8 11 22 84 12 97 90 25 9 72 62 60 66 11 79 10 56 57 46 99 95 75 65 85 58 79 5 1 37 29 9 67 16 96 23 
23 19 84 97 39 59 42 93 90 51 3 43 95 91 94 5 57 43 67 33 6 34 56 34 49 82 72 34 48 93 88 46 79 15 18 49 46 31 67 12 40 55 45 8 88 78 9 99 6 56 100 88 4 65 81 15 96 77 13 33 80 67 7 90 
16 36 29 6 44 76 93 37 58 32 81 14 43 84 73 78 31 98 60 42 80 16 4 77 37 20 38 79 46 78 66 35 63 63 4 20 44 80 15 27 72 41 89 26 91 40 84 39 21 30 100 16 1 18 49 48 75 8 87 51 1 3 66 68 
22 2 11 35 52 6 4 92 42 47 87 68 51 5 63 65 1 58 73 96 22 62 61 83 98 60 46 63 17 30 27 81 94 8 61 72 96 99 75 31 87 29 41 92 71 31 93 82 59 82 9 12 4 24 97 66 97 15 48 43 33 33 54 40 
52 11 26 54 53 94 10 37 21 44 48 36 12 38 38 28 84 84 89 79 59 37 73 9 8 35 26 87 43 74 30 97 70 69 15 6 68 92 75 28 65 81 58 64 34 30 95 37 66 18 75 34 22 10 3 26 43 97 16 31 9 73 51 61 
18 87 49 99 89 61 43 60 7 43 67 50 42 9 25 34 100 28 97 96 89 5 71 30 54 48 11 79 86 19 23 23 77 28 44 42 74 35 65 28 37 97 47 12 4 51 31 25 55 17 35 35 75 40 42 51 86 16 72 74 35 56 69 79 
0.30894958786836524 0.4153852218468078 0.5107400986093067 0.8832914611156597 0.9301769160603808 0.7890430373314798 0.5587361986370056 0.35542564160745377 0.9327223217254896 0.15694445206506286 0.14391933867981532 0.425083774989941 0.4974630145330092 0.6136762185120112 0.5088637372412013 0.1267656745881427 0.7882531288970355 0.3272087876026262 0.14628573574370635 0.37213311110491104 0.27212010420083504 0.25124386226713696 0.29707219536143936 0.010156949479079358 0.5317739086648386 0.3141164311384893 0.3707178382875876 0.7410920961536068 0.6395106820870597 0.38408766229647573 0.10000520186228828 0.8817542036543404 0.5783141041806459 0.4713014406909489 0.20345037409649513 0.860254779821974 0.24901127015873137 0.26855396026114187 0.5721614552875298 0.49899675726260606 0.2780576613494764 0.7633367265268975 0.47125337468264095 0.7085158001182006 0.8799648534870996 0.5079993511172939 0.44764667468086855 0.4518927014882148 0.33279857446839334 0.5047108364097251 0.506775188443208 0.42202433735549016 0.5841992561883778 0.5377807369405916 0.22464639937848785 0.623176156178457 0.3448600590248172 0.05153754132580474 0.6140400960327066 0.6196858136325225 0.4296160578967268 0.7437870579117192 0.367277170010058 0.5408101967076431 
0.4153852218468078 0.9003364214612479 0.1490640484291631 0.3063775724282347 0.7643406919690283 0.5835126602703635 0.611270839491593 0.7067922291381987 0.218916970290853 0.4751874888413931 0.7898757218767024 0.36280868705661673 0.7542713300064752 0.11641132420495459 0.4097870823462398 0.4170780056767597 0.6010215604369076 0.7932991786145284 0.49130383732907484 0.844787537795239 0.6882877150934443 0.5933796820055268 0.3959029355398179 0.5149664103044316 0.10546751447225494 0.28809239970103795 0.5622596823935699 0.6445322506569289 0.17611616723506568 0.4119872689771616 0.5353982305102436 0.2976643643525464 0.5486537837703266 0.3678839117387743 0.525932572772684 0.5889246965032962 0.3456557313743681 0.8914394165850774 0.640889194520154 0.40419088666574865 0.43476316524246844 0.22182698031498027 0.2973439485260511 0.4901520717857843 0.46088764328376547 0.4732864616960776 0.4523241389198955 0.8788245276698894 0.3658958088560017 0.22143408236099899 0.6461876206157863 0.6421464301220099 0.2803515879580212 0.42718562014538025 0.4832772418210212 0.41060547528078445 0.5258179203999436 0.38355328814689554 0.38591900585830585 0.4832766816763925 0.6319594628315384 0.4908294001784721 0.5519470387229759 0.527614616891153 
0.5107400986093067 0.1490640484291631 0.9682822609534536 0.5221668772287746 0.5770133018016698 0.29494941554463144 0.7711788359560958 0.5160294584022351 0.6033550276284968 0.8397764262829213 0.40726460143440313 0.5908807061821308 0.45043781726711524 0.2998811694331308 0.4679022107675568 0.3835290670509467 0.5764375716635283 0.8248580068977092 0.6250610235208076 0.5291117145613392 0.43586010158813104 0.2853099098700644 0.7196427456865285 0.45346840378543135 0.08060521818209321 0.30158733031284846 0.4162853157371609 0.6409828412256335 0.49730281596761555 0.3016638874421725 0.2874079241695323 0.5832585830051966 0.7252667225243361 0.6931921088480169 0.6093638863099955 0.7976124070205038 0.7697687270803804 0.762939277913286 0.672423575992305 0.23372663765367785 0.7453790262690234 0.5899290704743747 0.3436699880939876 0.8112098761267603 0.566693486191024 0.33537389440580306 0.5409133013903196 0.5589708504973848 0.20434660075295685 0.5423935276809065 0.34596052221208556 0.3836116497704114 0.5811279927602976 0.2684303700332714 0.5401101450617212 0.12875583056261292 0.06665008148058738 0.22697243509740517 0.36953585022750646 0.6192991736447728 0.5824750451226782 0.6604776837685116 0.3299352362345583 0.5873855435761397 
0.8832914611156597 0.3063775724282347 0.5221668772287746 0.006455071787460631 0.4616311943663148 0.7329993027750392 0.4662236885923508 0.6180353183505023 0.3456106119840413 0.8163310678817819 0.3984260311451243 0.7923436943519871 0.48728136074419864 0.502641155907449 0.6024420568085931 0.47466880071546597 0.7662944878234111 0.5717159991859753 0.6280053456327777 0.3526870446140556 0.6012375060524009 0.19915919643315555 0.5087628444962097 0.6404127138027362 0.5482933203267739 0.10860153913438486 0.34631752294143847 0.4934459555918003 0.30156638624371407 0.7072320479116322 0.6186630074193702 0.39666793252112464 0.7196331110723881 0.3298930441850088 0.7869047594048819 0.6560206078701334 0.6435200722307104 0.29518442668332934 0.46512968397722204 0.5747816332416547 0.42253908792457884 0.15245202477234604 0.362649825180748 0.10066021636872158 0.7526143422961701 0.19391957429268325 0.3365824514153076 0.4401711017219027 0.15582777382736224 0.7437622499104382 0.09640829293461017 0.4786150105588626 0.13597585078188829 0.1756380947587859 0.6614182217012178 0.6983151872091871 0.6791141671588545 0.46774116119839027 0.7360098719318867 0.19681872815431833 0.7111355634264214 0.3246761333135249 0.46614565069578007 0.46537774572857843 
0.9301769160603808 0.7643406919690283 0.5770133018016698 0.4616311943663148 0.10769495717042998 0.5207716329245365 0.6962918183078396 0.40150103499527295 0.42579869908894047 0.6155340992626966 0.1115364624201986 0.4567010075109364 0.42757115730205164 0.5597167544913022 0.5977917671198281 0.5537304106714611 0.40836752354558414 0.25131492012764073 0.49025155760483713 0.1102933629551146 0.585364960426863 0.4598646974011009 0.15970627262618065 0.1721347840634846 0.4214691500989143 0.6343767158000497 0.9637046820733263 0.4467146555679513 0.8589031689727398 0.32960324615450093 0.5152927281897328 0.43211595552108983 0.607715510175147 0.9100595262064277 0.3794708461528089 0.5783276572214536 0.43976099693277004 0.5832239732081899 0.7475582358525203 0.24478738735197264 0.1966820066102879 0.43014374222758484 0.45445046151204277 0.6620134775501161 0.3412705797193398 0.609288708514178 0.629070150178851 0.6896311407515974 0.41162998706709464 0.8025578368473922 0.4282069059675547 0.46367759844473927 0.5369567970429305 0.7201444727211359 0.7458345697272153 0.4435542806473255 0.640108298013597 0.600747009710448 0.6249834522576645 0.42863535218745247 0.46860304084041443 0.29467867223157856 0.9043135309508852 0.8530435898553979 
0.7890430373314798 0.5835126602703635 0.29494941554463144 0.7329993027750392 0.5207716329245365 0.9076874626832692 0.781480572829816 0.7172848216044583 0.10886240751188081 0.5682628363670548 0.7005493557629145 0.5990702243213071 0.8677730212910408 0.438234305642771 0.38638727952517077 0.44888327620729546 0.5879200367974933 0.20182037612844939 0.6491922107999366 0.47350563302407545 0.830957684005623 0.24657416876437982 0.39804670503556444 0.5480587104197656 0.3234707426456556 0.6369635838375882 0.44108507141330044 0.863639111681214 0.5894181272948271 0.4082614902489536 0.48210853916959334 0.3414876205618947 0.5639146196801879 0.7459704293970819 0.6826430830524461 0.06644897242290176 0.39201238090346074 0.2419261301251041 0.6620872085456906 0.581849301605389 0.3820636181504909 0.18470599136351917 0.3261988459225008 0.6266224996782845 0.3557328774191396 0.5256658227680411 0.26242803915038976 0.6258850253814042 0.3813725135920679 0.6935135679658658 0.8046579749549236 0.6609436671496141 0.5156120965149159 0.18178655054668347 0.8782677011839088 0.6355086448406726 0.35358724094219524 0.76842940701552 0.6579168992440653 0.3847799315160277 0.5890148594800237 0.512559915450476 0.29533642080628214 0.5973525416695304 
0.5587361986370056 0.611270839491593 0.7711788359560958 0.4662236885923508 0.6962918183078396 0.781480572829816 0.30039171210940274 0.37495729444169845 0.31609318515695484 0.37427477259547814 0.7681247755470292 0.3808689460577762 0.46864158502645514 0.30607701814075644 0.46838460036485685 0.17193781029773508 0.8763921704751604 0.24267473052713517 0.4436713252511242 0.2439233738440077 0.19376297650809593 0.9148568974899365 0.1719910299923968 0.1879972069409972 0.483814945348289 0.3589484727190659 0.7036275573036923 0.4253410304639718 0.33882022111960874 0.6960990641314491 0.507367805710775 0.6214188947073749 0.798930326961039 0.6503110326025856 0.2064973651237964 0.12049764756736198 0.1143369355528604 0.6270948636077665 0.9366255002200858 0.24758033307826283 0.3313687444507833 0.26999830678736825 0.34165584886052064 0.5797034962751876 0.5814429762266267 0.7708751676859719 0.5910276168373652 0.8039565283550427 0.6473884772799408 0.32297077683072 0.8419709088317375 0.6168430330503376 0.1479296932157984 0.654839737476697 0.6308048075452972 0.7184515511943919 0.49945444344618595 0.5170655508558392 0.15751845858327795 0.8379093384057826 0.41279591778902336 0.4074657890324559 0.13208292426924145 0.914867661860413 
0.35542564160745377 0.7067922291381987 0.5160294584022351 0.6180353183505023 0.40150103499527295 0.7172848216044583 0.37495729444169845 0.05745116729754263 0.5823230803231362 0.23992361028134862 0.8884033815411387 0.4087263720326491 0.664992588368378 0.5538458078258535 0.4839845671728481 0.9849080538359847 0.4379748362827628 0.5017302319971906 0.5817294288606757 0.4850504701323683 0.1794209729041576 0.6540278770384811 0.4570642487197773 0.47096640057718087 0.49404659479070334 0.24621859906790006 0.8778777518078831 0.3915396935140256 0.5019610085273682 0.7149124277137381 0.2695118896520191 0.8739310443972326 0.8143856063402215 0.4360395598309003 0.4537993853723461 0.4646647995725262 0.4732351542051692 0.1176641421871108 0.27493269758460787 0.8930084163387686 0.2196791118521384 0.626574705915099 0.6002488490355791 0.6365345696456751 0.6068994587448404 0.7805520919175245 0.47560055027277587 0.6733851130113435 0.12978672648426698 0.5849306943220915 0.40195316960706107 0.5167351820438044 0.4269405023167794 0.35939019183658755 0.4172746551162177 0.6810506299640526 0.5043118124817969 0.2807459448042539 0.89027717840305 0.6115771498261753 0.3846430394342399 0.6491075162942348 0.2254169199892136 0.525889218130786 
0.9327223217254896 0.218916970290853 0.6033550276284968 0.3456106119840413 0.42579869908894047 0.10886240751188081 0.31609318515695484 0.5823230803231362 0.35152376261336415 0.9366477972979993 0.35202535062181806 0.3427572311442366 0.48309906784141854 0.4607757024103665 0.5049874048665477 0.4495630281241414 0.8805581687793747 0.6631435701885757 0.4739196497593476 0.3666960226721123 0.29640734092530907 0.5274146054825748 0.7359396468211481 0.2970868138449892 0.5850426280158082 0.854902758652648 0.18644277349395738 0.7573582723567915 0.5168387343716705 0.5084194789741072 0.5649545591081708 0.40545209767581325 0.27492918077548023 0.9344537859737293 0.45641221454222836 0.6105752674982885 0.575030356059942 0.2986702928440841 0.6071293182254969 0.5887521870055997 0.4465320617034545 0.52526145128057 0.552512368209358 0.42799103842077874 0.44368332489194084 0.6344029387396046 0.58389310262046 0.29169912493520705 0.583957841987252 0.805708467234533 0.7784384312428918 0.32638228671388936 0.504471781540278 0.14380789502396385 0.5719250596303331 0.4383919222435591 0.17209284601884156 0.47578458277486346 0.45847909906107925 0.5698987584208515 0.6481612497557986 0.3120526575206599 0.2185590876260815 0.2754496163935482 
0.15694445206506286 0.4751874888413931 0.8397764262829213 0.8163310678817819 0.6155340992626966 0.5682628363670548 0.37427477259547814 0.23992361028134862 0.9366477972979993 0.8412651882935113 0.5841687748140486 0.5579759054255391 0.4751286530768426 0.28508690917458673 0.5678866391569194 0.48637377781032093 0.45557138165674954 0.4935893014234409 0.24580388601591946 0.7363241236904028 0.26918534147722534 0.4284239464863721 0.19248855317265628 0.7943915611041619 0.5539308437581576 0.6111871370715738 0.5140412866686583 0.6374170911872717 0.390173887802084 0.3558928645478128 0.7440352999209685 0.22300388447688135 0.7601652103771104 0.7357185292942885 0.6342302661203894 0.5778746980690657 0.5373964954145305 0.7168704354764477 0.29429346486745267 0.9083380394280338 0.3290148752747806 0.40631240228362847 0.33411841502861156 0.24929400598714957 0.8810978058369683 0.5098541309238882 0.4251135788261174 0.4841908102716771 0.6347545798327572 0.6739618582756645 0.1742980096244886 0.39989107965339304 0.5906716648997082 0.37916093023264263 0.25176521453038364 0.49651904191200247 0.5632673939267374 0.6565828119742187 0.46758929576190644 0.5137662839129589 0.21162100734716716 0.48241829105831985 0.7930423951318526 0.4689613620755399 
0.14391933867981532 0.7898757218767024 0.40726460143440313 0.3984260311451243 0.1115364624201986 0.7005493557629145 0.7681247755470292 0.8884033815411387 0.35202535062181806 0.5841687748140486 0.6878882096152175 0.6115710334086812 0.505571018404856 0.4709908800500194 0.48572368872036104 0.3792582086517153 0.5403091388544805 0.6097309325857131 0.8166911992834632 0.6939059809013817 0.7308925851647188 0.3864971184715968 0.6581012872996723 0.7261812373007487 0.17859561845041771 0.25786384144812535 0.45805127126071243 0.5764151036956295 0.8567251659937981 0.31941789537623344 0.31609234478556064 0.5132600664688247 0.5223757250392886 0.4670777902159841 0.4292105912712505 0.3354046798997485 0.6061050953137894 0.47466848547850315 0.37515339243691864 0.7174746570666821 0.3980657103850013 0.5917877518624037 0.6776962494469796 0.35299302582868103 0.3721529284623058 0.23092022159304043 0.6037583877965339 0.46232583728990184 0.6761279191065093 0.37417146652322775 0.3819066201009531 0.4851005050720319 0.7449009944429098 0.6921304363397758 0.35371955122620263 0.7604646634146932 0.7938891320288937 0.6386871400566769 0.42398025551874785 0.5318787822130653 0.3467466903704135 0.6561274240407879 0.3931383522857287 0.6954205766534718 
0.425083774989941 0.36280868705661673 0.5908807061821308 0.7923436943519871 0.4567010075109364 0.5990702243213071 0.3808689460577762 0.4087263720326491 0.3427572311442366 0.5579759054255391 0.6115710334086812 0.894564254912004 0.5645240005125371 0.34804839439341756 0.370567539346228 0.38567325771950606 0.41217023224625754 0.4850008624290569 0.6509646976966132 0.4466265007974945 0.02805076665622447 0.5003966874633776 0.5654489868527699 0.6894970975528354 0.5401264945021026 0.6190149793945834 0.3922366403314081 0.7365668764478199 0.31924380132005786 0.40133139634610276 0.4818529801412863 0.4282894383119996 0.3504602598163843 0.5736952090043654 0.1792867522565923 0.4125904542017644 0.32436879549234526 0.541599121185337 0.43188682892737096 0.662032527741421 0.08660753417615108 0.5732653867864126 0.6762351414479305 0.10627224636472998 0.21047906079985634 0.31046870444557295 0.4381093789244082 0.5561733858797415 0.4306406402519584 0.5596778147141312 0.549719492375677 0.6995131801478945 0.3951479848688031 0.3135540809616792 0.5820638591173009 0.31176970750084415 0.8939004801736993 0.4221595801185495 0.5450334620234883 0.1940654789548244 0.401958964701657 0.32626722445661727 0.21683683518491553 0.5906920893734768 
0.4974630145330092 0.7542713300064752 0.45043781726711524 0.48728136074419864 0.42757115730205164 0.8677730212910408 0.46864158502645514 0.664992588368378 0.48309906784141854 0.4751286530768426 0.505571018404856 0.5645240005125371 0.8765926755731718 0.6274047802946214 0.41747567984954576 0.5924056547831873 0.2732476331481378 0.36142901073912187 0.1994676902866217 0.8745578536291712 0.5757189642033521 0.4739214691046265 0.5923632226283002 0.5047253505757701 0.6649745552908591 0.25310120660329805 0.18003692249961595 0.5511209274097525 0.35879132657309615 0.6924066807436569 0.2970004779210978 0.6855071011038494 0.565994067606805 0.6357984964114598 0.531660912666184 0.8259214013508474 0.7169250426138747 0.10099089700241975 0.4313134870606026 0.4902982613984395 0.49556070159974275 0.43660444110983326 0.7099503135022882 0.41592846179070064 0.6293673061120423 0.27749857351726764 0.462548750215504 0.2716452753244058 0.3568679872877057 0.22331850657184132 0.4354311317184899 0.8095328241386277 0.07602609100608759 0.40273341744336155 0.7146115524343069 0.65100098899763 0.4655928382244899 0.38186631280336714 0.512051566951619 0.6692583046847946 0.4363214719720878 0.3541169875984689 0.17524368522231093 0.17849490609122926 
0.6136762185120112 0.11641132420495459 0.2998811694331308 0.502641155907449 0.5597167544913022 0.438234305642771 0.30607701814075644 0.5538458078258535 0.4607757024103665 0.28508690917458673 0.4709908800500194 0.34804839439341756 0.6274047802946214 0.0017520340266278245 0.7348028119408061 0.3574453221672315 0.7404191069399594 0.4679351004184769 0.6487095046994047 0.4558386043199249 0.6209324933997814 0.6829439253755296 0.706894793969244 0.721503647107466 0.16127467190617217 0.07034999648669987 0.7877243910941257 0.6459144726249402 0.45222576164113193 0.47164855651533244 0.6073305827164941 0.7669702955474254 0.5799388462894693 0.4896918780709449 0.6305624646005559 0.0910236331466645 0.5818712249535267 0.4312886361642273 0.7291150127213151 0.3992784386923913 0.5184984969159909 0.7663094568814723 0.6132631338036028 0.5602156132849442 0.4311670775146775 0.4457472754482768 0.13451040949469872 0.5379916710822121 0.3649558928426836 0.4167580122268184 0.6934793352749802 0.21863993584707808 0.651968017857222 0.2822085298445022 0.317327617433144 0.7836729661156645 0.8213235192652584 0.47920011941414165 0.36355869519076683 0.1831100085593737 0.5112602308583107 0.33969349170847174 0.39022221562511844 0.6004723427722805 
0.5088637372412013 0.4097870823462398 0.4679022107675568 0.6024420568085931 0.5977917671198281 0.38638727952517077 0.46838460036485685 0.4839845671728481 0.5049874048665477 0.5678866391569194 0.48572368872036104 0.370567539346228 0.41747567984954576 0.7348028119408061 0.09568144630874087 0.3797181317761642 0.9064498260690788 0.6901607835506709 0.6500226937826088 0.5261291788620349 0.539643351665572 0.22788549278506826 0.11526390080558407 0.39053564213484465 0.7332062891802382 0.4827107823645881 0.6037206382766089 0.3575356923143754 0.601957678305765 0.7868327932774213 0.5639774522038786 0.4732140220076472 0.47645991140418753 0.6006814522352996 0.36290836973394647 0.22013741448370178 0.376250834849221 0.2889798023377393 0.4994908849867516 0.21647137514553938 0.7012492352599945 0.8590293384385951 0.4036292653242414 0.8590990050670818 0.36035763395426695 0.2976944970132749 0.8347440820587119 0.4928580985640083 0.5902658235923587 0.5549368573990272 0.6382596191409238 0.723550529637436 0.3241737800076852 0.2358729533974136 0.5648480971457561 0.4420865296815313 0.7367596537994301 0.21677379070898561 0.26280826566209686 0.5998413141504737 0.7751459573333147 0.6042699587247369 0.40631810824155296 0.3188282271329957 
0.1267656745881427 0.4170780056767597 0.3835290670509467 0.47466880071546597 0.5537304106714611 0.44888327620729546 0.17193781029773508 0.9849080538359847 0.4495630281241414 0.48637377781032093 0.3792582086517153 0.38567325771950606 0.5924056547831873 0.3574453221672315 0.3797181317761642 0.5408918340764003 0.8550497631436079 0.5906737187048667 0.6518195344133497 0.7718113129510982 0.33706536286169314 0.5778933349667104 0.13876513343227403 0.4366209951426452 0.4063780555218561 0.4679607268268999 0.7730366043564179 0.48669953547225986 0.3177746624403858 0.47098430630460747 0.0408734483179613 0.40000603040925764 0.3072164572282423 0.8788226767408793 0.5386484697108872 0.7060530847431129 0.528716911614457 0.6685877508236899 0.4528944442562047 0.6936282819711765 0.5391271083388577 0.8105384962457013 0.550073774828522 0.28404811251016643 0.5694333153620053 0.3298001429956767 0.1450388278013222 0.5399851432339087 0.6170106862382531 0.7025529579447412 0.33642917387437443 0.3035449428153046 0.4881646778013322 0.28670173456591663 0.6389946925902774 0.5733753980350941 0.37017854505787956 0.812811158236465 0.44547752393253426 0.6183247899077369 0.8303564468412719 0.4695108242457709 0.4785040303521975 0.5936104829366459 
0.7882531288970355 0.6010215604369076 0.5764375716635283 0.7662944878234111 0.40836752354558414 0.5879200367974933 0.8763921704751604 0.4379748362827628 0.8805581687793747 0.45557138165674954 0.5403091388544805 0.41217023224625754 0.2732476331481378 0.7404191069399594 0.9064498260690788 0.8550497631436079 0.09157153940465945 0.46674810880440254 0.37123747989897443 0.38473662830572686 0.8851057935861547 0.32596950505428773 0.8567243374757478 0.1177244022411103 0.1934987905310837 0.2940930992061523 0.15331599058430495 0.7703634114805566 0.1929660561962116 0.9085357332706592 0.35166402647950057 0.45076181839243634 0.6433285942566489 0.63449647379282 0.6895028296144418 0.2489199623695636 0.09649530747755497 0.21317000568981304 0.22472879816621644 0.5306519910369903 0.5254920678940307 0.7040969436276998 0.43930960362845173 0.20512826622822405 0.5682459789761011 0.911141476184044 0.5249896856533156 0.6404499377704331 0.20692799069393558 0.6681018341844908 0.527873981991583 0.5105921992180262 0.5451173580212134 0.5525076878019275 0.32770089781600753 0.44982422962675345 0.13896121855870003 0.3443399849211386 0.6510710437647168 0.41041824103083385 0.5970769129501874 0.5200917535612778 0.1412204870477446 0.2690685139666744 
0.3272087876026262 0.7932991786145284 0.8248580068977092 0.5717159991859753 0.25131492012764073 0.20182037612844939 0.24267473052713517 0.5017302319971906 0.6631435701885757 0.4935893014234409 0.6097309325857131 0.4850008624290569 0.36142901073912187 0.4679351004184769 0.6901607835506709 0.5906737187048667 0.46674810880440254 0.5200997775020223 0.6544573478702398 0.7570292521650706 0.3239117605186911 0.2627947552873237 0.27653287706155644 0.6281451080887712 0.3246970200874867 0.24445018062285673 0.40658185898148247 0.8409256414808925 0.45544602099938214 0.6704175326622224 0.70282235969978 0.28595878886020876 0.450177571880155 0.4117304315464523 0.7280624198670429 0.2830634700405169 0.5935340369355669 0.6541299961573783 0.3735783450176461 0.5301064897285777 0.6501296135877107 0.6662113891919894 0.728833988296075 0.7014555286476257 0.7016789803936077 0.497786071387756 0.25420301523339117 0.7266157563804161 0.6051199997536769 0.41836438431990647 0.6379254761777061 0.503885224579107 0.6203060836343428 0.8056512405446623 0.5384086145758935 0.4908360390213779 0.45443468230199446 0.6255782969901045 0.4989511250737733 0.5630652479937999 0.6030548016868758 0.27433967838814494 0.6598575251696552 0.29524694710187666 
0.14628573574370635 0.49130383732907484 0.6250610235208076 0.6280053456327777 0.49025155760483713 0.6491922107999366 0.4436713252511242 0.5817294288606757 0.4739196497593476 0.24580388601591946 0.8166911992834632 0.6509646976966132 0.1994676902866217 0.6487095046994047 0.6500226937826088 0.6518195344133497 0.37123747989897443 0.6544573478702398 0.6453822668739029 0.8398879717927787 0.4305157486885554 0.20124382016728248 0.6000057248669662 0.7722405056664977 0.7237427874548075 0.3997465722523694 0.46573910402796803 0.8763940016840518 0.5443620328085524 0.7174010079491403 0.3616252569310755 0.8063390963005612 0.06313387377491625 0.48041243081890167 0.37210489820773673 0.4382423286603414 0.6763625110860982 0.32165016094743204 0.5796328208322112 0.5937218403778954 0.3229137486270015 0.10545491048760813 0.4696050429328994 0.5066757621752117 0.14419317106471108 0.469717034338716 0.22309273858554268 0.3083785328751465 0.6224916878147885 0.744451425929235 0.5410000762240763 0.8491900846704632 0.6802443616368796 0.7239676175912959 0.4961899931275476 0.4830682671938106 0.3280902564368162 0.19692987832790393 0.5399425895656038 0.213589676629018 0.5053984721236691 0.77671710518318 0.15212969901960066 0.36529185306705997 
0.37213311110491104 0.844787537795239 0.5291117145613392 0.3526870446140556 0.1102933629551146 0.47350563302407545 0.2439233738440077 0.4850504701323683 0.3666960226721123 0.7363241236904028 0.6939059809013817 0.4466265007974945 0.8745578536291712 0.4558386043199249 0.5261291788620349 0.7718113129510982 0.38473662830572686 0.7570292521650706 0.8398879717927787 0.39872969541280856 0.7006938633787945 0.44974611816148313 0.5900200633816546 0.2405289090554243 0.6070933841851095 0.4853643127204948 0.30412371847880837 0.4722434897507339 0.8748424355044122 0.4727757557707808 0.7802731129336331 0.4999256562079843 0.33018072649720726 0.0707260081854783 0.3584609730929227 0.5247436510376757 0.7646271125774168 0.8309254057892074 0.46142787092591325 0.5739525963793483 0.284839809780948 0.31211602699496904 0.5932029999268875 0.3789763731155505 0.4944687272158027 0.16134447249703726 0.4645912410728044 0.8532605618457587 0.43184416760355937 0.8346892675977622 0.3461485315671306 0.6435592799104699 0.5692634644738108 0.3659612591427746 0.7214910162464963 0.13702795530408618 0.5491179800769783 0.6277303426977207 0.5043469254500836 0.5596491478653296 0.6461297385709908 0.6017826067859836 0.47622811133582066 0.11461828641024024 
0.27212010420083504 0.6882877150934443 0.43586010158813104 0.6012375060524009 0.585364960426863 0.830957684005623 0.19376297650809593 0.1794209729041576 0.29640734092530907 0.26918534147722534 0.7308925851647188 0.02805076665622447 0.5757189642033521 0.6209324933997814 0.539643351665572 0.33706536286169314 0.8851057935861547 0.3239117605186911 0.4305157486885554 0.7006938633787945 0.2708986245921088 0.7381859818512176 0.06364279832616715 0.6145572908622041 0.5457549411854619 0.6495449758459488 0.7167442930121064 0.6250306376997877 0.5388985178356154 0.4325880370151979 0.8907075906900972 0.16595835732255815 0.7802391787077747 0.41461314645222114 0.4358327095054269 0.505596712459338 0.31238632319903115 0.7352825888244114 0.4921837744496487 0.4591426694143562 0.35020077845413644 0.33465885125786293 0.5662578094001276 0.47103285286019503 0.5850211196037283 0.38789642706148325 0.5576346442860127 0.5585475376641682 0.5783989623907211 0.26270838870640995 0.40618716012021483 0.5562048029230966 0.9131029929771458 0.56668927476924 0.7427474980189068 0.3383423111120507 0.6845716045723642 0.15277242103869165 0.5071995954103673 0.9352354684508227 0.226556626974245 0.6127171714492858 0.31221321451147316 0.5735103968237032 
0.25124386226713696 0.5933796820055268 0.2853099098700644 0.19915919643315555 0.4598646974011009 0.24657416876437982 0.9148568974899365 0.6540278770384811 0.5274146054825748 0.4284239464863721 0.3864971184715968 0.5003966874633776 0.4739214691046265 0.6829439253755296 0.22788549278506826 0.5778933349667104 0.32596950505428773 0.2627947552873237 0.20124382016728248 0.44974611816148313 0.7381859818512176 0.7378087673391832 0.7678715991110316 0.17910461093502872 0.10477092472904309 0.4199140507561484 0.07673025851721604 0.5111935249985244 0.5712019762056866 0.7263566068017424 0.7381360572940832 0.3496503021459997 0.5217126850170775 0.6448859227888905 0.11077036110612909 0.4102909762058283 0.6142830598054875 0.6278589119706594 0.26788825440897707 0.18863140634356795 0.6588932199979785 0.12525364721212107 0.284953781595669 0.18855000602791594 0.5581460770983936 0.4366218240603188 0.7589800316916457 0.685232070754062 0.1494508249493825 0.7321036003981046 0.16356789935526783 0.4632712351744292 0.4959762304054472 0.7870102128194574 0.4535812134542424 0.45902336102663543 0.7013131207015608 0.6619634086410274 0.5002754166886703 0.6455108897245196 0.512407918679586 0.5015636654160768 0.5141354376628368 0.6964869828117259 
