8
21 6 82 69 60 92 50 68 
50 3 15 58 23 80 70 29 
96 77 4 26 55 33 87 76 
35 17 34 28 91 4 93 52 
15 100 22 28 12 68 44 48 
27 32 11 17 7 29 77 55 
93 75 7 21 28 52 78 11 
22 86 100 16 23 24 2 7 
152 128 167 84 102 179 77 166 
128 20 127 52 53 82 101 43 
167 127 32 118 44 119 49 122 
84 52 118 24 133 178 136 103 
102 53 44 133 14 133 179 100 
179 82 119 178 133 94 127 56 
77 101 49 136 179 127 146 116 
166 43 122 103 100 56 116 136 