16 2.9445809664044527 12.5750610917159 322 2984
76 61 49 54 80 84 92 4 3 21 59 48 88 95 48 84 
51 39 59 27 63 22 61 28 46 70 66 98 57 13 2 91 
30 25 19 95 4 70 55 87 11 73 63 45 6 8 47 61 
46 100 96 87 58 91 60 31 2 94 86 91 43 50 74 76 
67 42 17 32 5 90 52 96 52 76 87 93 2 21 35 14 
39 43 88 12 99 56 57 85 48 12 47 64 1 39 56 10 
43 92 11 40 53 87 11 67 69 68 39 93 10 61 13 64 
20 79 86 94 93 21 38 54 54 87 75 14 5 75 24 49 
35 73 87 65 19 74 62 17 63 46 38 59 18 60 39 90 
91 51 40 7 81 21 35 79 39 86 1 8 70 89 60 27 
38 32 73 87 58 88 61 5 3 30 48 61 46 28 76 78 
88 43 3 35 93 39 28 38 28 40 7 4 36 100 26 95 
56 78 2 3 37 95 66 22 96 50 93 91 46 71 8 94 
20 79 22 44 81 22 84 27 26 39 23 46 4 82 100 85 
19 76 34 98 45 21 50 50 65 88 3 16 71 78 96 84 
68 94 31 98 41 21 15 78 25 14 96 87 63 64 59 42 
0.6507127543721148 0.7397922454686873 0.256506752309281 0.5142478986522969 0.35409337365245735 0.16782343302231073 0.48880325589593177 0.4810357106342451 0.830507060368604 0.5534324630551941 0.676514917440252 0.5005621427359761 0.5752035728031334 0.6975034215262741 0.4348293935705918 0.28318443621853 
0.7397922454686873 0.4807559178290707 0.6397480372564571 0.07170252930102367 0.4280697783750296 0.46442986002146275 0.6207450113935681 0.28405188205935084 0.3424344495810723 0.34456016242525755 0.49181801766757116 0.40216841211378196 0.7963530309012741 0.43664676053630735 0.5386091045633157 0.43589327182492543 
0.256506752309281 0.6397480372564571 0.04397389158092624 0.516186766800778 0.44817299614011646 0.7875755406032662 0.5771808069490723 0.5290136964256795 0.3788631510487933 0.3403188065947523 0.5355797330831726 0.2246492435899794 0.4142089090035996 0.626593499397311 0.2202710351576595 0.031086035711784255 
0.5142478986522969 0.07170252930102367 0.516186766800778 0.3147745840589977 0.29658494523982315 0.6196240342872754 0.5699891817056466 0.30406421659711097 0.3564080381006 0.26508957571189895 0.7028262004813807 0.5255281583082498 0.10193497304439197 0.3514779798698036 0.16804852623608751 0.27356534272201743 
0.35409337365245735 0.4280697783750296 0.44817299614011646 0.29658494523982315 0.9419794624839585 0.5114522101500221 0.7493503632455133 0.8939649564475831 0.5200134798362 0.6997790656085581 0.3671908443918798 0.2130189282648418 0.33013424935312435 0.6467098305017491 0.4838148511931721 0.7272556760200005 
0.16782343302231073 0.46442986002146275 0.7875755406032662 0.6196240342872754 0.5114522101500221 0.4700650728278739 0.5939507351360361 0.36031332972111674 0.4762322836303777 0.17588367063341548 0.24311994794473135 0.5244546815892037 0.334439398106122 0.30378242495598873 0.7702130304655512 0.7034312409387506 
0.48880325589593177 0.6207450113935681 0.5771808069490723 0.5699891817056466 0.7493503632455133 0.5939507351360361 0.6158897691542226 0.8100939182185577 0.45105319530355525 0.37923316956397274 0.3415093561621821 0.0918891595015211 0.40665438541199095 0.13426744810594277 0.5807565063122213 0.18476596943531648 
0.4810357106342451 0.28405188205935084 0.5290136964256795 0.30406421659711097 0.8939649564475831 0.36031332972111674 0.8100939182185577 0.3789338217313869 0.5194641550586359 0.4705162431991915 0.8326438708697975 0.48459155786193453 0.34062845957496013 0.523172729777424 0.645638086831843 0.7710237884822774 
0.830507060368604 0.3424344495810723 0.3788631510487933 0.3564080381006 0.5200134798362 0.4762322836303777 0.45105319530355525 0.5194641550586359 0.6753811441158669 0.5740430505008633 0.3482382253075992 0.5016583648753912 0.7856538869134174 0.7384818362916454 0.27403078800453445 0.25276920273822767 
0.5534324630551941 0.34456016242525755 0.3403188065947523 0.26508957571189895 0.6997790656085581 0.17588367063341548 0.37923316956397274 0.4705162431991915 0.5740430505008633 0.9343920779789382 0.5710769447986528 0.8684586591141781 0.5162951136442604 0.3572882779550596 0.38257380281394276 0.6962871420517761 
0.676514917440252 0.49181801766757116 0.5355797330831726 0.7028262004813807 0.3671908443918798 0.24311994794473135 0.3415093561621821 0.8326438708697975 0.3482382253075992 0.5710769447986528 0.6862382680691412 0.14123133201262988 0.19308652682039096 0.18388234086337374 0.7398642808052791 0.7482613268492999 
0.5005621427359761 0.40216841211378196 0.2246492435899794 0.5255281583082498 0.2130189282648418 0.5244546815892037 0.0918891595015211 0.48459155786193453 0.5016583648753912 0.8684586591141781 0.14123133201262988 0.6373630138221299 0.7482140371854831 0.3763925489528625 0.44092195260426287 0.4569524543042521 
0.5752035728031334 0.7963530309012741 0.4142089090035996 0.10193497304439197 0.33013424935312435 0.334439398106122 0.40665438541199095 0.34062845957496013 0.7856538869134174 0.5162951136442604 0.19308652682039096 0.7482140371854831 0.8550200644899268 0.19157988362615064 0.3010308621341724 0.3189755205167818 
0.6975034215262741 0.43664676053630735 0.626593499397311 0.3514779798698036 0.6467098305017491 0.30378242495598873 0.13426744810594277 0.523172729777424 0.7384818362916454 0.3572882779550596 0.18388234086337374 0.3763925489528625 0.19157988362615064 0.8356771166966379 0.5025724387210317 0.7527952364352304 
0.4348293935705918 0.5386091045633157 0.2202710351576595 0.16804852623608751 0.4838148511931721 0.7702130304655512 0.5807565063122213 0.645638086831843 0.27403078800453445 0.38257380281394276 0.7398642808052791 0.44092195260426287 0.3010308621341724 0.5025724387210317 0.46081253050783255 0.14284070141234367 
0.28318443621853 0.43589327182492543 0.031086035711784255 0.27356534272201743 0.7272556760200005 0.7034312409387506 0.18476596943531648 0.7710237884822774 0.25276920273822767 0.6962871420517761 0.7482613268492999 0.4569524543042521 0.3189755205167818 0.7527952364352304 0.14284070141234367 0.32299508503247565 