8
80 86 91 75 71 22 67 17 
1 19 15 86 74 2 86 49 
25 60 90 45 61 6 100 42 
86 97 45 86 49 35 87 10 
30 6 11 38 9 81 33 100 
89 48 90 67 25 27 37 84 
73 18 20 98 48 84 92 6 
46 38 51 12 1 35 27 37 
118 181 60 96 158 100 122 110 
181 164 55 146 123 62 149 96 
60 55 176 92 107 143 65 102 
96 146 92 72 77 89 127 73 
158 123 107 77 70 66 50 69 
100 62 143 89 66 24 62 89 
122 149 65 127 50 62 140 111 
110 96 102 73 69 89 111 22 