8 1.0669942428141928 4.878180458184976 268 1458
36 93 53 100 14 17 79 64 
36 96 45 84 60 76 42 99 
86 27 18 72 81 70 62 3 
57 54 89 23 56 88 21 1 
79 41 43 11 57 39 71 63 
73 96 36 95 8 51 3 7 
20 56 92 3 78 52 63 55 
30 24 83 84 88 18 94 63 
0.51333747635468 0.24027735675348105 0.2518742265436229 0.4424847020959493 0.40418986309608435 0.47260243405612845 0.06949851688844144 0.571406345496178 
0.24027735675348105 0.8221135466757941 0.4089645580273416 0.5302339970310201 0.13087710747874937 0.4082187423946226 0.26941487342188936 0.8189968518138202 
0.2518742265436229 0.4089645580273416 0.17239949049458658 0.16228723056532107 0.23701070179773337 0.7647639717737743 0.459959197890432 0.5345283632095361 
0.4424847020959493 0.5302339970310201 0.16228723056532107 0.5083275383769442 0.29562447611891646 0.17377256624801152 0.043033457386495166 0.583715369933564 
0.40418986309608435 0.13087710747874937 0.23701070179773337 0.29562447611891646 0.16894727743689908 0.1883114617468501 0.3444968981390812 0.3037519908145171 
0.47260243405612845 0.4082187423946226 0.7647639717737743 0.17377256624801152 0.1883114617468501 0.36549791594698666 0.2578238268586551 0.4318681610892848 
0.06949851688844144 0.26941487342188936 0.459959197890432 0.043033457386495166 0.3444968981390812 0.2578238268586551 0.38627078716291685 0.2247437871084495 
0.571406345496178 0.8189968518138202 0.5345283632095361 0.583715369933564 0.3037519908145171 0.4318681610892848 0.2247437871084495 0.14629837108920152 