8 2.370656541029116 5.670400557033665 340 1264
66 5 91 20 70 37 35 26 
78 59 65 12 66 48 22 39 
44 69 25 63 30 55 46 89 
97 4 29 9 59 86 28 12 
84 11 5 37 7 47 21 40 
83 32 21 54 48 50 53 36 
53 22 6 90 27 54 14 2 
74 28 67 41 49 60 85 84 
0.16087587843564743 0.24563179369015986 0.3028828461159849 0.8880375859344068 0.4889256712571896 0.571547817873385 0.7622143531201733 0.6901621874716215 
0.24563179369015986 0.3156283165642014 0.478865344396048 0.4878082559313997 0.4815688036601815 0.34895356276936473 0.8086797052497594 0.47235590537426453 
0.3028828461159849 0.478865344396048 0.035200849050211924 0.3618703424542632 0.4403340012238231 0.1941198743148253 0.6664953158932094 0.5807660265322689 
0.8880375859344068 0.4878082559313997 0.3618703424542632 0.9109274327793326 0.5412330302108411 0.6637281620441854 0.6356503918967418 0.6515214358373764 
0.4889256712571896 0.4815688036601815 0.4403340012238231 0.5412330302108411 0.35700997217365804 0.5577169608003976 0.5035897770762732 0.610988699602353 
0.571547817873385 0.34895356276936473 0.1941198743148253 0.6637281620441854 0.5577169608003976 0.056054687654229496 0.46974333034090665 0.46583089731721083 
0.7622143531201733 0.8086797052497594 0.6664953158932094 0.6356503918967418 0.5035897770762732 0.46974333034090665 0.6715059760108304 0.7050058901068369 
0.6901621874716215 0.47235590537426453 0.5807660265322689 0.6515214358373764 0.610988699602353 0.46583089731721083 0.7050058901068369 0.1745860533576844 