16 2.4711687398505626 13.41421505384432 416 2872
59 58 60 33 76 49 6 32 7 80 31 85 23 29 23 49 
94 37 92 26 68 86 1 59 81 70 27 36 84 10 98 32 
95 34 42 77 56 50 90 100 7 100 87 64 53 82 28 61 
43 70 81 32 71 7 47 64 10 37 59 35 90 69 90 45 
72 75 36 68 61 40 51 97 88 63 30 3 23 65 24 39 
60 12 13 64 49 5 57 56 71 63 51 63 71 95 30 83 
25 46 33 92 82 70 89 33 11 43 54 70 55 55 8 51 
87 45 46 46 43 73 58 72 77 71 85 41 100 97 61 56 
49 56 33 94 56 27 82 90 63 94 89 80 83 53 48 29 
65 81 25 98 50 93 81 12 6 83 23 11 86 71 39 24 
90 1 8 34 66 98 14 27 91 39 34 47 94 48 33 68 
2 45 38 88 19 20 73 76 60 74 26 83 15 30 13 46 
1 67 47 4 23 10 8 14 6 3 51 62 73 27 29 36 
33 69 53 35 66 65 45 61 32 29 28 42 51 76 17 73 
6 95 45 17 44 34 14 35 37 21 94 31 95 15 89 80 
61 14 2 69 14 86 96 6 95 66 19 71 43 43 71 2 
0.07582858646874224 0.3400992069512228 0.41417389972668717 0.600484896061553 0.5833861341187483 0.6207219578573867 0.3147095085920497 0.16254034820446717 0.3543020905629733 0.4748368424204037 0.4964725134601814 0.5819592664820792 0.5880171401508832 0.5580091937949495 0.12633728537587913 0.41112447373181993 
0.3400992069512228 0.0094889420288361 0.728111541553925 0.23680211248199895 0.621417529726865 0.673435559505796 0.6576000275574632 0.23735342771923296 0.5199122120605284 0.8141093730352118 0.5841782925695999 0.3367686669997731 0.25040330646406905 0.3076198348436228 0.6944319983454618 0.056191035734132755 
0.41417389972668717 0.728111541553925 0.22156052496367795 0.28933440906349467 0.8884341611094501 0.7412205636024383 0.3380529731828985 0.24864294987849667 0.33286981411105104 0.3366853310357878 0.5189142963567684 0.5200987779777005 0.15764608555953902 0.5063475798681353 0.8862608872948423 0.5291807196667303 
0.600484896061553 0.23680211248199895 0.28933440906349467 0.44566713958037607 0.6848655333896498 0.38139120704790896 0.256812377716968 0.08962828645890164 0.7352309673604553 0.40390558850621305 0.6897134641295417 0.38149543657409646 0.719716243457609 0.3241786917273635 0.29610860723211463 0.23835084536423323 
0.5833861341187483 0.621417529726865 0.8884341611094501 0.6848655333896498 0.010980800044464 0.5664733573460864 0.715425128219803 0.34679280396921164 0.40143334783462487 0.863418983851512 0.5173752426177929 0.6232507713992468 0.4534016964422548 0.3657076335766405 0.7072690355157142 0.737287451072143 
0.6207219578573867 0.673435559505796 0.7412205636024383 0.38139120704790896 0.5664733573460864 0.12265347786974645 0.542730715119514 0.3238887552919171 0.3456778644889143 0.582010350602619 0.4089763230607747 0.3004736995926345 0.7729258618519108 0.36097540301775055 0.39860066326028737 0.15289879552644514 
0.3147095085920497 0.6576000275574632 0.3380529731828985 0.256812377716968 0.715425128219803 0.542730715119514 0.9605590642369103 0.2757686935747972 0.423933290154155 0.6636783013852479 0.2118217996925676 0.4266196690847365 0.806484898890131 0.7888389799378852 0.8245133151914006 0.6323733735600608 
0.16254034820446717 0.23735342771923296 0.24864294987849667 0.08962828645890164 0.34679280396921164 0.3238887552919171 0.2757686935747972 0.8076421243128692 0.30755355550611657 0.5567473318764078 0.6558221843260774 0.8318136183924046 0.4073343471420035 0.4056707745001507 0.39544970552987757 0.4390560188310279 
0.3543020905629733 0.5199122120605284 0.33286981411105104 0.7352309673604553 0.40143334783462487 0.3456778644889143 0.423933290154155 0.30755355550611657 0.8924089582214827 0.6687489484672458 0.4658473270898104 0.3904608468877446 0.28332858127564675 0.6623195078705524 0.33381066831497025 0.7593099939179244 
0.4748368424204037 0.8141093730352118 0.3366853310357878 0.40390558850621305 0.863418983851512 0.582010350602619 0.6636783013852479 0.5567473318764078 0.6687489484672458 0.6054834599206323 0.28526812047155814 0.49136246187585525 0.4717116006531512 0.33055323281301374 0.6696198910229223 0.7466336174053735 
0.4964725134601814 0.5841782925695999 0.5189142963567684 0.6897134641295417 0.5173752426177929 0.4089763230607747 0.2118217996925676 0.6558221843260774 0.4658473270898104 0.28526812047155814 0.9507814875244387 0.6106711993044261 0.20809342270421305 0.13758307911689938 0.3097075438424197 0.7142236506779525 
0.5819592664820792 0.3367686669997731 0.5200987779777005 0.38149543657409646 0.6232507713992468 0.3004736995926345 0.4266196690847365 0.8318136183924046 0.3904608468877446 0.49136246187585525 0.6106711993044261 0.017509427851685966 0.4915594935287719 0.4877299994646662 0.05718458451850861 0.8318835386135115 
0.5880171401508832 0.25040330646406905 0.15764608555953902 0.719716243457609 0.4534016964422548 0.7729258618519108 0.806484898890131 0.4073343471420035 0.28332858127564675 0.4717116006531512 0.20809342270421305 0.4915594935287719 0.540857512660058 0.14861750342388946 0.39559000070556577 0.40696395958135256 
0.5580091937949495 0.3076198348436228 0.5063475798681353 0.3241786917273635 0.3657076335766405 0.36097540301775055 0.7888389799378852 0.4056707745001507 0.6623195078705524 0.33055323281301374 0.13758307911689938 0.4877299994646662 0.14861750342388946 0.9907312602664299 0.8147798070445514 0.200284532350119 
0.12633728537587913 0.6944319983454618 0.8862608872948423 0.29610860723211463 0.7072690355157142 0.39860066326028737 0.8245133151914006 0.39544970552987757 0.33381066831497025 0.6696198910229223 0.3097075438424197 0.05718458451850861 0.39559000070556577 0.8147798070445514 0.3175173763643405 0.9020992313470003 
0.41112447373181993 0.056191035734132755 0.5291807196667303 0.23835084536423323 0.737287451072143 0.15289879552644514 0.6323733735600608 0.4390560188310279 0.7593099939179244 0.7466336174053735 0.7142236506779525 0.8318835386135115 0.40696395958135256 0.200284532350119 0.9020992313470003 0.3029133189164659 