64 6.134138174133071 57.86673586252098 412 12552
92 32 97 48 46 53 86 42 22 12 17 36 82 13 86 7 82 50 59 18 24 67 49 99 90 81 9 11 41 10 81 6 45 67 90 86 56 15 83 17 47 77 50 29 33 52 27 11 41 76 71 6 11 69 18 52 94 12 86 75 81 88 59 90 
46 45 28 37 36 98 74 10 44 27 86 76 21 59 77 95 74 25 59 12 95 98 54 4 73 42 95 76 80 41 84 40 72 22 37 50 88 79 48 64 92 64 45 62 29 67 11 15 24 57 91 51 3 98 72 68 81 69 99 44 100 76 4 60 
45 65 97 66 91 58 51 24 46 10 57 38 10 74 79 96 31 23 12 2 65 26 86 88 74 71 54 63 38 30 33 5 20 41 4 92 3 53 95 61 66 95 83 65 43 46 62 97 70 46 35 50 32 84 71 31 10 9 100 39 55 30 43 21 
68 38 23 91 22 8 91 90 86 67 54 16 98 57 93 74 100 94 23 72 63 17 30 25 99 19 84 77 64 80 93 38 58 74 58 90 86 1 48 97 61 80 70 77 44 94 36 12 27 17 81 50 30 33 40 53 24 15 52 79 86 70 53 89 
8 75 74 77 5 76 4 22 6 25 50 100 64 78 19 37 68 98 83 86 78 50 33 72 16 39 60 81 23 71 89 99 48 82 99 10 62 74 67 44 100 40 53 92 95 64 17 50 62 93 91 20 41 43 8 3 37 82 95 90 24 22 31 51 
96 54 30 24 25 97 48 44 28 19 29 26 94 6 53 87 85 36 1 38 20 70 55 4 100 49 19 21 55 76 88 81 37 15 7 12 2 67 43 62 60 17 37 9 55 82 35 62 55 38 7 62 51 20 66 100 82 38 30 56 14 71 78 42 
78 87 24 75 79 44 44 43 34 69 78 84 29 5 59 57 21 24 8 61 2 14 13 37 52 33 76 54 10 1 48 14 10 16 73 44 60 71 36 42 3 33 86 20 89 18 88 7 75 88 73 98 87 34 92 37 42 95 50 1 26 61 35 63 
37 66 30 54 54 72 8 28 84 67 91 9 17 7 62 21 74 70 34 59 1 58 72 77 97 33 4 1 97 61 23 16 5 8 27 91 21 38 17 89 64 6 85 66 56 5 42 6 48 49 8 58 36 16 55 66 75 27 58 10 3 53 51 49 
55 55 21 73 62 77 17 32 97 23 90 41 97 45 87 2 87 43 90 53 9 61 6 7 53 54 47 18 38 21 19 10 87 43 100 64 33 8 56 96 3 91 88 28 62 28 82 75 65 40 42 43 35 33 63 57 16 57 96 88 87 32 60 8 
49 34 68 15 12 12 50 60 89 9 51 12 22 94 15 27 20 20 8 7 33 36 7 6 75 52 66 30 64 74 84 21 21 98 71 38 79 79 16 78 97 26 56 24 91 84 5 61 99 36 10 65 59 49 96 59 18 11 92 6 32 39 12 68 
5 82 77 80 12 54 39 87 75 20 85 72 46 83 84 99 70 54 3 98 18 9 80 98 20 58 89 91 86 38 30 67 33 4 17 61 44 93 41 5 20 70 27 3 3 3 90 74 78 36 43 11 57 26 74 27 48 75 93 77 20 59 72 62 
4 100 26 88 14 100 90 10 55 61 47 84 94 68 57 29 24 77 37 64 15 62 1 83 6 83 37 76 20 61 4 98 1 41 81 67 15 38 10 21 51 18 43 95 68 89 92 63 56 60 56 60 97 45 12 94 94 91 31 43 68 22 69 98 
51 21 76 17 66 76 6 1 76 19 78 85 82 94 92 29 45 25 58 87 46 32 34 72 67 21 40 32 98 84 38 15 33 86 33 58 68 90 18 26 33 73 5 29 56 84 8 12 33 5 57 34 73 75 3 23 88 84 91 83 92 21 96 77 
80 26 47 14 43 67 60 45 60 35 31 2 21 11 95 17 20 59 22 78 44 1 78 66 33 26 46 86 57 94 62 58 78 54 34 6 87 64 66 68 94 24 40 83 94 61 78 53 65 5 20 35 56 84 94 15 41 24 32 76 16 94 22 31 
48 4 42 47 27 13 67 50 85 73 32 38 40 84 13 10 42 96 45 97 90 77 11 35 35 12 43 3 26 77 4 69 34 89 87 41 70 57 43 10 86 83 86 46 69 70 52 49 94 17 25 83 54 5 47 48 13 100 46 49 51 32 14 91 
66 99 25 78 46 40 36 32 53 28 39 42 57 15 21 87 49 21 81 60 78 12 5 4 70 12 39 9 3 59 97 34 87 16 46 12 71 49 32 35 4 23 13 42 88 93 94 84 88 60 86 50 17 79 88 22 54 34 83 77 36 39 42 79 
54 69 63 96 49 2 35 70 3 66 31 33 46 66 69 57 73 51 18 28 70 55 40 52 12 65 29 66 25 21 16 94 70 80 7 24 73 31 83 45 21 60 33 17 33 91 13 47 33 87 16 97 12 13 40 100 28 52 22 99 40 14 10 100 
38 88 71 77 79 34 42 47 98 56 2 19 41 41 1 47 30 65 10 50 33 46 51 99 15 89 7 71 70 15 99 55 80 2 72 17 31 34 57 78 89 25 71 88 33 60 72 87 18 94 95 30 17 83 62 32 87 22 93 81 84 89 60 90 
6 86 49 94 4 87 66 48 14 15 85 72 23 94 25 67 61 57 19 30 89 60 100 30 57 66 32 65 42 79 54 91 30 39 14 52 73 91 48 69 75 9 20 15 12 41 69 27 34 17 92 32 94 89 94 82 11 45 33 4 93 65 87 20 
50 21 71 42 83 8 42 8 56 25 98 61 66 21 68 65 59 22 10 39 86 71 72 96 22 100 58 83 53 81 64 73 89 30 81 38 72 74 52 21 38 63 36 3 13 27 88 3 44 14 65 90 76 41 50 6 41 51 86 46 40 81 17 20 
8 8 84 52 71 23 44 68 9 25 89 8 7 91 78 81 66 90 100 19 63 88 96 21 95 47 35 83 34 47 72 61 96 26 76 78 29 2 49 89 44 63 61 67 39 6 98 9 75 87 28 18 18 58 95 40 55 98 43 16 90 33 49 59 
26 95 71 22 95 26 64 17 39 100 54 28 31 6 67 12 66 30 60 93 17 54 37 14 29 88 71 6 61 28 99 81 97 56 42 66 49 23 90 52 21 65 65 91 53 83 57 59 10 19 79 9 53 53 94 31 66 88 67 69 85 83 34 61 
51 16 99 54 28 85 58 75 11 8 88 91 97 99 31 62 32 69 93 90 37 36 64 78 27 65 9 7 59 78 52 34 81 2 59 42 50 52 89 36 67 23 69 56 49 21 50 40 75 40 5 35 48 30 50 34 17 52 37 82 53 52 99 61 
94 45 63 6 46 70 18 8 40 45 13 22 87 65 4 13 52 77 73 47 66 61 100 14 63 94 24 12 85 91 96 68 61 96 25 29 55 7 50 92 61 66 10 100 7 44 35 20 86 74 33 12 14 1 54 29 71 97 55 89 57 82 45 69 
29 58 17 91 20 31 57 13 56 9 57 38 48 12 7 87 88 30 14 28 22 78 54 53 34 46 49 25 33 91 95 24 79 29 73 57 38 77 44 6 97 80 44 48 13 72 89 60 100 14 12 9 82 67 97 51 36 87 9 95 20 71 14 95 
22 25 93 27 41 30 79 5 40 57 52 8 72 42 24 82 4 89 54 62 71 71 70 88 1 39 36 23 20 66 95 1 21 63 51 47 60 40 81 56 5 20 47 27 27 2 48 44 78 29 71 85 4 5 45 4 54 17 38 24 84 49 98 32 
7 48 94 38 70 5 56 38 62 54 54 17 62 1 93 44 58 46 12 75 47 87 16 40 50 20 98 62 85 86 19 34 80 72 37 99 56 5 22 77 10 78 23 35 36 93 84 4 96 10 7 47 65 6 32 44 13 28 59 99 1 57 38 45 
20 44 79 61 47 32 74 8 34 35 70 64 76 20 3 91 98 37 46 58 27 85 19 22 45 73 74 100 17 73 7 15 49 29 90 90 32 50 55 20 9 58 26 63 29 65 12 21 43 62 12 97 98 33 21 18 10 76 7 60 25 94 96 30 
36 62 25 9 75 64 91 7 61 37 37 74 63 19 71 10 90 13 37 77 3 69 31 52 97 29 83 21 87 63 48 85 84 31 53 8 94 85 60 84 91 33 85 60 73 14 30 18 100 93 16 77 68 58 82 28 82 76 7 21 67 74 56 77 
63 84 12 94 36 2 28 99 76 36 75 65 7 88 94 99 41 59 93 76 1 97 45 88 67 17 36 58 86 15 43 17 39 36 10 61 13 98 42 37 55 27 65 66 56 76 75 54 17 66 82 77 94 89 47 21 80 32 86 2 30 30 6 49 
14 91 8 58 73 65 84 77 67 96 92 20 91 34 99 92 42 33 49 75 39 55 16 13 91 10 78 97 38 55 42 43 43 60 22 39 28 83 87 47 31 43 79 51 37 57 34 61 34 27 43 35 88 89 25 90 70 62 95 26 73 39 79 39 
48 2 50 47 77 54 47 73 18 92 81 47 70 70 46 51 36 49 6 23 98 39 100 63 67 9 45 29 60 89 2 12 86 87 5 65 77 58 14 97 92 66 71 30 60 45 27 35 68 18 42 97 79 8 87 5 47 73 62 49 97 76 13 3 
62 25 71 88 78 2 21 67 56 11 49 94 3 25 61 61 51 72 1 18 1 46 93 31 7 34 26 33 46 72 76 53 62 43 57 25 35 38 72 25 65 1 7 87 54 60 58 91 15 28 55 8 20 26 75 57 78 78 65 6 30 22 29 81 
55 49 98 54 59 94 33 68 8 74 6 16 100 66 66 36 55 59 29 54 11 56 68 89 19 89 85 14 63 41 98 55 6 40 46 23 92 37 24 20 53 23 67 26 11 87 27 93 96 5 80 42 97 88 85 76 19 20 86 51 37 18 100 6 
19 56 55 6 70 34 77 6 55 24 99 56 41 87 12 47 20 14 40 43 28 25 86 100 54 75 31 95 73 32 71 65 17 70 44 59 68 54 26 99 11 93 28 88 93 32 19 82 77 6 84 82 31 75 82 7 43 37 79 34 4 20 49 36 
48 74 59 75 15 21 80 24 10 84 52 94 24 28 77 84 12 26 18 73 55 49 17 40 64 66 29 81 1 3 26 51 58 52 99 25 23 12 7 29 43 51 22 5 22 36 86 84 15 92 86 6 11 46 48 77 74 92 51 16 77 21 68 70 
24 91 94 67 31 22 89 89 27 54 26 65 96 95 80 91 89 68 78 32 85 27 87 15 92 72 92 37 59 29 50 19 79 27 28 38 94 34 35 32 17 2 28 25 95 29 14 78 42 44 16 62 35 71 11 7 25 45 51 11 66 1 92 72 
16 33 70 79 53 53 65 61 70 53 87 65 87 99 79 71 43 47 95 74 47 97 40 37 86 42 20 65 100 83 7 10 54 60 5 38 75 72 3 53 82 45 32 45 83 22 66 82 87 67 25 16 42 94 43 89 32 3 3 67 52 63 50 33 
64 46 11 22 78 58 76 22 11 11 47 86 62 24 12 58 7 83 15 63 92 8 33 91 59 50 86 62 4 12 53 99 23 71 99 27 88 86 13 8 58 98 30 75 79 11 97 38 80 15 72 43 56 74 3 83 86 58 52 75 34 61 97 35 
80 67 75 73 30 13 58 53 63 96 29 83 75 12 63 86 99 97 49 26 77 23 19 38 44 9 61 86 2 68 52 61 50 100 96 61 54 77 2 94 61 63 89 67 1 32 46 97 4 53 78 67 38 9 70 20 50 24 50 40 64 91 77 65 
89 88 55 77 67 2 1 22 34 47 41 92 83 34 86 93 59 58 89 36 22 53 33 91 44 76 80 64 48 39 23 90 42 4 19 97 95 92 32 2 45 8 50 72 22 90 17 7 84 73 41 93 79 59 75 93 51 26 13 91 2 85 23 82 
3 99 11 10 78 96 78 95 45 48 18 51 7 64 13 15 2 41 12 43 23 8 45 34 66 20 60 38 1 13 73 38 50 66 70 36 5 26 96 48 35 57 7 6 16 78 60 35 87 23 73 36 31 66 54 34 74 60 47 20 26 18 3 68 
75 14 51 38 16 5 58 5 40 37 92 72 63 41 61 62 41 70 86 8 70 93 30 94 7 67 12 5 41 77 21 71 53 70 26 68 69 82 81 87 30 21 80 43 100 93 63 62 49 66 29 6 26 93 72 64 20 80 7 43 33 95 31 69 
92 59 25 87 28 24 96 62 67 53 89 27 100 33 13 25 24 69 49 54 99 86 11 60 66 20 87 4 30 97 88 27 3 56 18 13 9 58 96 82 87 54 77 19 45 1 98 38 15 53 43 10 32 53 7 23 65 58 44 53 83 55 32 78 
82 52 57 64 74 45 89 20 79 24 8 67 63 87 37 61 21 65 39 18 65 85 24 62 27 47 67 68 81 68 68 99 51 60 68 69 54 100 45 75 29 88 14 75 47 51 31 71 44 23 87 59 7 87 12 66 82 28 25 6 4 34 14 4 
20 32 97 64 17 100 84 81 42 97 88 16 87 71 14 41 28 78 41 51 81 31 50 49 88 87 8 47 15 68 83 15 36 91 17 71 5 54 38 57 7 91 39 24 10 44 27 59 82 93 17 100 75 37 61 81 92 68 91 39 29 43 80 92 
24 36 83 86 77 63 92 45 68 15 19 77 40 37 76 86 58 90 50 34 40 83 28 16 77 64 4 82 3 63 27 84 8 28 19 84 30 84 2 32 62 25 13 48 68 14 91 4 29 27 61 78 27 85 95 60 31 66 18 60 85 41 66 65 
92 89 6 89 36 35 5 89 61 96 94 49 99 27 58 39 19 32 19 56 68 76 91 27 39 66 89 18 31 39 87 98 44 45 93 68 85 47 16 26 16 21 3 28 51 89 71 1 72 20 98 19 67 15 53 42 84 99 39 43 3 86 76 5 
60 92 90 80 62 41 70 98 65 87 45 79 46 15 1 2 96 61 67 77 69 97 43 7 48 56 45 11 12 72 33 7 29 91 39 32 49 55 51 90 65 63 43 55 56 63 45 66 3 81 71 31 1 45 94 1 100 32 50 21 88 18 38 3 
77 61 30 86 11 2 78 87 47 62 47 82 95 100 66 33 1 33 57 3 74 55 34 95 19 19 67 77 63 94 76 70 74 49 27 10 11 24 71 68 1 79 27 21 92 24 23 61 9 5 75 73 91 21 48 17 55 98 47 28 74 7 31 70 
76 58 75 100 69 5 13 75 27 9 6 39 73 73 49 18 44 7 90 99 67 23 3 23 15 59 41 84 83 75 98 76 53 77 88 92 14 61 13 18 26 57 100 43 24 99 1 58 57 32 91 44 90 15 1 50 56 37 52 99 100 100 100 32 
64 43 93 97 15 84 82 47 60 78 29 57 48 66 91 78 80 25 10 35 4 22 46 28 74 24 37 38 84 8 2 6 41 75 96 49 68 45 12 11 37 18 66 52 49 66 46 38 39 93 7 84 54 75 58 78 89 86 51 31 20 19 83 15 
27 44 82 48 22 2 16 7 42 43 79 68 84 38 62 10 43 67 45 81 98 78 30 6 47 16 51 22 14 76 75 82 90 63 42 70 6 15 28 76 76 82 67 19 27 11 22 57 73 60 85 18 6 43 87 50 20 60 93 21 76 17 15 2 
76 36 91 100 40 44 76 45 29 79 42 42 48 53 72 11 4 71 60 85 29 29 77 67 84 28 16 68 92 49 68 61 92 52 43 55 92 16 80 62 33 80 38 73 43 77 27 32 10 73 45 29 25 33 91 12 97 28 1 60 77 79 2 59 
59 72 44 8 60 72 59 65 62 22 18 31 36 29 24 14 86 11 82 12 37 65 43 68 37 34 35 73 27 19 69 94 1 75 2 31 13 59 89 29 57 60 1 49 10 1 11 42 68 11 26 37 63 95 74 75 76 50 89 63 83 85 79 60 
24 7 26 78 32 52 67 79 8 28 46 99 22 95 69 6 77 50 3 54 39 83 96 81 57 59 52 33 8 98 17 38 15 46 77 84 1 49 38 25 30 28 28 48 24 78 66 14 60 66 87 55 80 84 1 45 31 78 33 17 51 36 80 89 
41 57 73 93 82 67 26 69 1 69 12 19 40 73 96 42 59 92 78 44 85 48 44 96 55 52 58 46 59 9 56 24 14 52 81 17 25 51 100 42 1 27 28 13 73 70 89 78 74 15 31 7 11 13 84 18 52 56 38 4 60 31 30 69 
60 55 2 54 41 43 97 72 44 99 68 77 82 26 29 17 57 31 98 5 40 17 91 71 12 10 49 87 79 93 63 18 94 74 7 80 37 35 85 95 35 75 69 78 36 95 78 36 15 16 63 89 2 97 58 64 49 94 73 22 67 77 7 67 
43 39 79 29 59 35 81 75 55 51 66 10 48 26 32 46 78 39 100 62 9 40 67 25 49 28 21 28 8 13 42 73 16 42 99 4 55 10 25 9 2 74 33 5 22 100 28 58 9 75 38 16 1 83 4 71 49 72 79 18 15 2 38 34 
14 47 1 31 97 70 84 26 69 82 76 89 69 20 58 78 92 44 41 43 98 76 76 74 52 45 67 72 89 83 66 67 90 8 39 68 75 15 9 38 48 19 97 98 69 72 44 84 81 12 84 86 51 70 92 84 55 74 92 37 52 16 26 3 
53 64 2 2 89 10 51 38 72 37 47 92 76 44 66 6 13 37 24 77 26 9 37 38 100 38 70 10 23 85 41 53 29 23 91 64 34 32 34 16 42 36 9 19 86 54 57 85 25 23 54 8 13 46 48 33 63 69 18 24 27 16 88 25 
90 35 28 68 63 79 98 73 9 76 36 98 62 93 4 13 39 68 90 69 45 12 15 4 75 9 79 96 58 56 23 70 22 33 45 29 55 73 17 4 17 13 42 25 47 74 2 83 22 22 32 4 83 4 21 62 43 36 79 33 88 41 94 33 
63 6 80 4 50 32 28 76 23 83 61 90 83 72 95 25 43 8 80 15 41 68 52 67 50 91 7 6 80 61 39 59 23 77 86 78 36 16 6 39 13 29 77 21 97 36 52 34 50 88 55 97 76 47 63 18 99 75 23 68 38 13 75 27 
65 37 91 53 11 10 79 65 20 84 37 50 70 11 18 49 21 41 9 86 41 10 7 94 61 32 38 99 53 60 46 18 24 97 95 82 97 54 49 46 42 59 27 96 73 88 38 12 96 42 54 31 7 64 57 62 89 49 20 8 17 46 39 65 
0.8230466230119151 0.1605438051843015 0.8069540715732861 0.594159487433017 0.47388184479363155 0.5612453205879047 0.7524914376175821 0.658246376054114 0.7161228871238257 0.6036047733196017 0.5766203013028287 0.8363913295256156 0.714399718195825 0.5534484365624484 0.5030273906364628 0.732955019031593 0.44705096240256365 0.6598218021151463 0.5744170510640447 0.6506984031055238 0.37574297774417476 0.48985900722124026 0.44207891027336027 0.47048163482343425 0.6612915286409469 0.6601195984980821 0.5031888673327602 0.7109392422262182 0.0804840403634503 0.8289538632615384 0.5388966368209189 0.4558790165644371 0.5528761815713191 0.47470864774930877 0.1605832301614204 0.8314558580801381 0.22201034623699673 0.6396004212407053 0.5365721618429882 0.43214340780322213 0.48320480388494547 0.37792464561736894 0.7782060556503188 0.7007249775851995 0.7892760460081922 0.4203410938221213 0.4967966462509553 0.8141972359520576 0.8464512363631205 0.7530845316317358 0.14036892036681375 0.5019165361356687 0.6569934174942761 0.5684219948738467 0.7118907858442088 0.5092685301554508 0.32253551505967915 0.25742764739555796 0.48962539952601564 0.23276759658187685 0.4418227590161899 0.6627721740821747 0.26026014953096016 0.4461424964895136 
0.1605438051843015 0.6538621075036489 0.5363843667763717 0.6693596710700616 0.25526622471408467 0.5547573712386211 0.648432263253931 0.4011845508795055 0.41408732201290943 0.06628541480741451 0.43333642795675453 0.3657552351316546 0.8636654924518872 0.8557897278050377 0.5663228260756218 0.40729749093820633 0.6815229012922204 0.5134153547718168 0.1880508218689494 0.29702327952537266 0.3579640101523334 0.490252987159935 0.2825862593029217 0.4011861012453018 0.5936969902471213 0.533075417173523 0.39161626136009126 0.32467082464605884 0.09116877674886426 0.15690276329112401 0.4530348250685602 0.20435508272346448 0.40007495374320856 0.6845151364020943 0.6196723268186352 0.5332939395264905 0.8027137635708985 0.4186004945783827 0.5414505943099368 0.4790608474305656 0.4681365740125762 0.6470524148883373 0.6254662379988734 0.4949281213529366 0.7059837422648534 0.8142890502252137 0.3792465392712791 0.10710463794599945 0.67060184851067 0.40689521700856524 0.3310620810405979 0.7519907976117151 0.2533855247625723 0.13193859120178636 0.39765001929438576 0.6010638023008077 0.5136717432301643 0.27955551167914194 0.6949286318263498 0.6283549848700045 0.4417519721332771 0.9113264985522396 0.20572680940603882 0.8530208467847127 
0.8069540715732861 0.5363843667763717 0.5668894573778497 0.6893275538292181 0.489142219421813 0.4076090944412778 0.21900509218997222 0.26515148677493994 0.5878111771984662 0.11867834528559235 0.49507966060262 0.34480366498254567 0.51406461062925 0.6977565468962458 0.46587277744552713 0.7543274581064032 0.28129843237006935 0.649562205304191 0.3101343102109713 0.35139310823691067 0.5824076084659056 0.6768394436943457 0.2410213572661497 0.589743972576362 0.793257621236403 0.7705809210567571 0.37457300248773145 0.687940429693453 0.5305168716908709 0.22646830715398747 0.5899055914733048 0.6570258306098236 0.4157033433510937 0.6255196830942109 0.08769984854655044 0.39251480320235754 0.8327110992050374 0.2718626348996481 0.6302103536738859 0.8429165696148917 0.6044047857070101 0.7474914457987042 0.07929376333074317 0.8584831216833158 0.4685433554908537 0.5535953466198933 0.33026368131926936 0.5070830457555073 0.5315279248249112 0.6551641934399814 0.7515996263233499 0.642956717447157 0.5886073325018275 0.3504492013456662 0.4169060255200619 0.4254881034495132 0.9050923188843789 0.7132414892114426 0.790070081353215 0.6668951447488052 0.42265293153921146 0.6747939904560369 0.343473066792116 0.6008717876330602 
0.594159487433017 0.6693596710700616 0.6893275538292181 0.6689396219694782 0.6089901156480302 0.6614651246864159 0.5102783275242979 0.5182019522241503 0.6137770349854506 0.9227936932262316 0.7236878396632507 0.5748605542236116 0.20640720074741165 0.6507759912497848 0.5361059259832106 0.5300154451918054 0.7961036009168265 0.4682764179750029 0.3334466424441816 0.23076310801064565 0.5806776145480086 0.4040135895348779 0.6425908576871515 0.12002763243146874 0.4138985921688162 0.6209598406669465 0.43949212483129496 0.7944350353547639 0.359861086587477 0.21663157829798252 0.709858970144134 0.43078956211909364 0.7350701508753453 0.7134969980007357 0.5749381432055717 0.333541525261844 0.3952039199640824 0.5017517908443103 0.5637669325145649 0.338721887651073 0.6131424677970103 0.5490293385167591 0.439291134792245 0.7807193699496493 0.4850139714261027 0.21956461643180764 0.9403483576133482 0.11534039441204119 0.7814961975004366 0.37815420885519563 0.7329205308117843 0.49571590605843524 0.5041014630039702 0.46796541566438166 0.6330643191337268 0.5496634266776579 0.732274013153885 0.5820268677874416 0.6271625604499013 0.07224115585758417 0.42246821593235173 0.20283263691650827 0.4558976793287412 0.789566725921451 
0.47388184479363155 0.25526622471408467 0.489142219421813 0.6089901156480302 0.22617450909551562 0.6316069070937567 0.7581510401351365 0.39312485200212177 0.7812190726432358 0.5008219623604991 0.9071215480251609 0.3661711351298569 0.5173066993771273 0.20456270574259372 0.5082977206464355 0.44650458385297387 0.39214921048298346 0.4067399361928734 0.20352605404128854 0.673181720902172 0.43746455881335533 0.7954905804264942 0.7563642208471086 0.6807334907807425 0.481317205344225 0.5168350107744355 0.7165774019230831 0.7277049248181229 0.4353930240114308 0.2748089592662333 0.17312882363711207 0.6708579715089469 0.5215299518012149 0.854611092255387 0.33957226801171747 0.6758222581788984 0.25718909464451517 0.4896500827045335 0.1764003009925122 0.67961073990326 0.7571123840351276 0.2529745282466389 0.6573149212039007 0.5193177666301887 0.3141631758084599 0.10844078243158256 0.6543003525758859 0.25770713997676326 0.06997971310603507 0.7841647385731165 0.14660286347082224 0.628354270944808 0.7564034578806178 0.723292494675637 0.675227611365393 0.6473837477436655 0.47372074176756007 0.5321647471992264 0.7404863964580394 0.3551435686662959 0.45502882410772316 0.1681834971985735 0.4540894699287565 0.7552186253874644 
0.5612453205879047 0.5547573712386211 0.4076090944412778 0.6614651246864159 0.6316069070937567 0.2887833954338104 0.4873579657563761 0.5627531468608564 0.7864397857520853 0.4691376838845183 0.17156238514923017 0.5360233215247756 0.4809951698163549 0.561758826349475 0.47555029919620184 0.33098085260079957 0.22888079975345327 0.5758325289441255 0.46920591175057386 0.3505732952707345 0.6861142136041869 0.3467353941553718 0.790075354809551 0.2740825698897693 0.2623302674537068 0.888653958035263 0.3184568478226794 0.7706461983951485 0.6475962216022244 0.7674908790938755 0.5839083049531129 0.332315689452724 0.40766788267415643 0.7573510553960303 0.5077783049666384 0.10608474520553846 0.48375428558554534 0.4729036902142755 0.20447720022343369 0.6242994958685545 0.6747617063453053 0.15018701283008656 0.12475371872677293 0.6737246502145148 0.6498488281102917 0.4984931059166022 0.5159783749151681 0.4905893670391211 0.6479181800548361 0.43452959667281743 0.27503312022136095 0.5371504944242548 0.41139124844167374 0.4613642932371556 0.32604074859610666 0.6089081297296361 0.5581156985001183 0.19051823106326798 0.6423841624847617 0.23329264871799849 0.5899614793353427 0.4540504362973378 0.09097904997573225 0.6175270269696931 
0.7524914376175821 0.648432263253931 0.21900509218997222 0.5102783275242979 0.7581510401351365 0.4873579657563761 0.27055577714700063 0.5255659638660475 0.5215688694912691 0.5151190367149759 0.0444854810626093 0.1678794705137852 0.33342524760685766 0.1728398134011475 0.3835381692873651 0.44487917832460433 0.48355436416650593 0.26698276335637294 0.18910671615746227 0.5734066758725831 0.7803387764702086 0.5056245849592087 0.6294118803569317 0.31778764868332826 0.29004574502840336 0.8113704912389506 0.5160946460454996 0.6268119758362529 0.6809266997641924 0.3566617671409967 0.5062360253732621 0.8493879631937169 0.536599691198833 0.5223521225849671 0.4385252253148389 0.5285003480531165 0.5739804036763525 0.47686698408973116 0.3357538457978475 0.37993344174981325 0.5491139200205972 0.511775399206019 0.4894152969764941 0.16210543843691672 0.24895852955482034 0.37434514152090453 0.900799242535655 0.37606198708108574 0.6843017582473285 0.031352631975307466 0.5952437699290212 0.197408844909232 0.3514964954352878 0.15912007399823402 0.5705110022052958 0.7481143501769629 0.6361895072498244 0.5784984800697641 0.427125828409106 0.3972997517092703 0.5336041856285328 0.08057339975031608 0.32363294658303626 0.5901642719353518 
0.658246376054114 0.4011845508795055 0.26515148677493994 0.5182019522241503 0.39312485200212177 0.5627531468608564 0.5255659638660475 0.911232429269124 0.1441938224775134 0.33913027762959486 0.4830173691969566 0.7820595906492936 0.2942302331305294 0.9070718147826562 0.58577216023304 0.5474892730164811 0.2213122471157863 0.5547009545095327 0.6019745642118046 0.42122530106763717 0.5570040268319378 0.6206828120734116 0.9485754268821829 0.8515707238704393 0.5047711308061362 0.30547791836502597 0.7181574840886363 0.7843961332439691 0.6887844166398498 0.6115750373008544 0.204650810050775 0.4609203186696101 0.5569816305156318 0.24740261536521163 0.5211828597275183 0.2748851237904748 0.8470883440221526 0.12782643532055077 0.4691073062333971 0.15767831058156495 0.30470702388075754 0.4142094549206185 0.7190006579734604 0.7207087643674716 0.6162817137885115 0.6487671539478131 0.1566618155696159 0.4931920956434894 0.3973002817182538 0.5627684251319708 0.2489867593662139 0.6384693507540663 0.5701968678814957 0.3052924515493568 0.5463063291192662 0.253653972505938 0.40429307762752864 0.22634648116053385 0.6365769096935576 0.487497581196842 0.6402427411280107 0.5201442057319676 0.4271893327788726 0.8826562736305581 
0.7161228871238257 0.41408732201290943 0.5878111771984662 0.6137770349854506 0.7812190726432358 0.7864397857520853 0.5215688694912691 0.1441938224775134 0.7094539426413511 0.8340845023693302 0.3480807130935387 0.7008416687116257 0.5139528241485113 0.21314650793056678 0.36857156875346136 0.7112570916580802 0.7901434114791177 0.7426783020254002 0.6264283465072473 0.476325069569133 0.779344782073667 0.5935527402253828 0.44531083447809067 0.29031293735223523 0.6607595987088244 0.47166148173700756 0.41036667221924106 0.6285097786999716 0.6099694838493384 0.31264940245877904 0.08043515335772244 0.38136271601843097 0.5596774362122536 0.7467241610818467 0.3528880413786699 0.80032530603658 0.6128991046301149 0.22018519092696603 0.8206831276720921 0.6076233467748894 0.9231521961687061 0.4056937485998545 0.6151095826629025 0.570302658837466 0.4687367787574152 0.10934613102603785 0.7229877185816163 0.808690327500428 0.28269265080686734 0.3348054737551951 0.4936023009880197 0.7118552207792441 0.8240657289439046 0.42692986078900164 0.3482715723846117 0.4084670425176852 0.8763047319504038 0.21820825933001342 0.5335795523911888 0.320308085009358 0.38070274239413815 0.9322342695899687 0.413370954391135 0.3092337481269373 
0.6036047733196017 0.06628541480741451 0.11867834528559235 0.9227936932262316 0.5008219623604991 0.4691376838845183 0.5151190367149759 0.33913027762959486 0.8340845023693302 0.9788539534712865 0.2439793970196179 0.11284973291927841 0.7109854904666886 0.09744106215932141 0.438961230638456 0.22240404087543414 0.4443016549524697 0.40925449330332875 0.36811475116570896 0.18961920051645098 0.5263329871386426 0.2560572664467858 0.4225636307802121 0.28860765444427045 0.1518098437948195 0.5872272206091783 0.5400135051522568 0.2705639489795664 0.7875073693577189 0.7040464179393159 0.7133566048301363 0.3144503067096958 0.16793026095954255 0.598921827646877 0.46699760421368935 0.26228583165780883 0.5691766795054184 0.7497617315721115 0.680096518897809 0.4783909136298093 0.6093066064684707 0.2119531499217837 0.3274258551276571 0.18149779267918786 0.12809197994028 0.463580617242278 0.7527283864312769 0.51451940815379 0.2383828294267754 0.5050915731722503 0.9706995996093262 0.699709664411746 0.3428421721798513 0.2983397158707556 0.7539107224150082 0.09613088785919238 0.1922067977556008 0.5938091477336174 0.732874316856373 0.6439628195786604 0.6471762078444164 0.5060289895645075 0.4552714154207849 0.30469866990280775 
0.5766203013028287 0.43333642795675453 0.49507966060262 0.7236878396632507 0.9071215480251609 0.17156238514923017 0.0444854810626093 0.4830173691969566 0.3480807130935387 0.2439793970196179 0.4174869470322259 0.6635472937006337 0.7876419947671828 0.26140441369072576 0.2802403531044591 0.7171030812864838 0.4975819178481486 0.3838873537725617 0.33271571487270807 0.8042158732075596 0.6093369447181529 0.8389074679932211 0.8193829675570135 0.28084785073514595 0.5844699269005971 0.4662591463909196 0.5236259797415933 0.4389368198626704 0.5125677870745631 0.5325523174090133 0.7635348058683236 0.500096577832269 0.6405813049879769 0.5682295392961236 0.7480313964125687 0.4281580654116101 0.4894575994824392 0.34900594233674126 0.7200707794540657 0.5763667415923245 0.8102008984228342 0.5776633314374288 0.48242884996759255 0.5784146284700442 0.48225266222061175 0.8063716796882324 0.7901815765144077 0.30097320717795273 0.4452547994699929 0.3511104600008031 0.07397541075148628 0.5395455692693718 0.3203403502522467 0.7156669179736456 0.44545041678679714 0.43606102375414146 0.6532494251014112 0.7960703592477333 0.7300529056735099 0.6790824564022602 0.4964172266685189 0.3878121810407937 0.5537589910379338 0.5500091739201021 
0.8363913295256156 0.3657552351316546 0.34480366498254567 0.5748605542236116 0.3661711351298569 0.5360233215247756 0.1678794705137852 0.7820595906492936 0.7008416687116257 0.11284973291927841 0.6635472937006337 0.15164131140611503 0.36993307514477963 0.4712240969832836 0.6240748119362118 0.3464475575736629 0.674468016895763 0.5867610736075103 0.3625051778802346 0.20159290001125085 0.11119855633186543 0.37663636734300787 0.3027847396220064 0.7657727519963976 0.182049012485333 0.4910485791042626 0.153364507756375 0.24647767638183665 0.24345880079933668 0.6794538115543318 0.6280218872382042 0.21306427289312146 0.5327920144012941 0.6785569447497064 0.2217263436339964 0.618781322463051 0.6274810671617954 0.3204064466355623 0.9226422554523697 0.4243130669700696 0.6689077288254828 0.7144401103792958 0.09765535055910418 0.6438394712276769 0.5365956377364334 0.16311276213358056 0.6821030737303199 0.504241233815364 0.28104198171924494 0.1398735916689251 0.47895228922890154 0.2619432644368352 0.827665360882516 0.6212280772598335 0.4169221630750004 0.5267959657760857 0.4509007440335054 0.3271192387888997 0.582858817157949 0.48450158869327226 0.6481571627537454 0.6072555966005949 0.188891717045711 0.6749699008145753 
0.714399718195825 0.8636654924518872 0.51406461062925 0.20640720074741165 0.5173066993771273 0.4809951698163549 0.33342524760685766 0.2942302331305294 0.5139528241485113 0.7109854904666886 0.7876419947671828 0.36993307514477963 0.5048635042656989 0.5912311309609266 0.9219795750901971 0.6058942977939594 0.5725273035452753 0.4112224646268371 0.41358280797180164 0.5152379163979675 0.4730731051381104 0.40479035339879543 0.3478965466311166 0.20858239829415703 0.5141992361887722 0.6399063001036001 0.5848695691927415 0.5972300149660942 0.431344461848045 0.17743574302986637 0.7652398911611342 0.49634529260738847 0.2627522815343494 0.36099836394868323 0.535390744184166 0.21764467966043244 0.20366740796424376 0.2502563995439558 0.44662788651826263 0.32923469041234454 0.6535751655837307 0.13899990779296517 0.700515427999493 0.35560912974908987 0.5433213532108037 0.09227492129371306 0.4458787655920774 0.08881675366247771 0.9230329895349836 0.261666810596408 0.6783894592270456 0.6987484876649963 0.3480124090718124 0.4528865319463264 0.3754390642223982 0.4512661298118456 0.5306554676411388 0.5009980271272506 0.24123228751655262 0.10472670385151955 0.8827064616456002 0.6320926253627182 0.6820207257357709 0.4894092847402195 
0.5534484365624484 0.8557897278050377 0.6977565468962458 0.6507759912497848 0.20456270574259372 0.561758826349475 0.1728398134011475 0.9070718147826562 0.21314650793056678 0.09744106215932141 0.26140441369072576 0.4712240969832836 0.5912311309609266 0.7454131435314142 0.5300161206529947 0.20615557347098573 0.30871929351758765 0.3025934591426024 0.23030499303928376 0.9589442469586504 0.38658757835754115 0.8305239346818575 0.5791432731008443 0.039108228816581214 0.16613393596091708 0.42323431203181955 0.2956992459166113 0.3450875436792311 0.7679962409991463 0.5297837011808738 0.5319852912140117 0.49240387987616613 0.40908832445432364 0.8456050787261018 0.41673587264850687 0.1788904739011815 0.549516468309946 0.4052060803213672 0.5243649898175113 0.4943955100282089 0.32085742663049654 0.594187218924205 0.25415519438552725 0.18554940795451796 0.24942147425573769 0.6890985119680777 0.30729329914719467 0.07007745751679695 0.636709981227257 0.777390288726832 0.5982067050147 0.8439462341549793 0.3373862958091505 0.5815442733016646 0.5060683543389346 0.531606013852689 0.08345818462455029 0.37104032979970997 0.23542859736007687 0.5013862952507806 0.7446324245877793 0.28351997052552297 0.5673760447439917 0.23537546247317437 
0.5030273906364628 0.5663228260756218 0.46587277744552713 0.5361059259832106 0.5082977206464355 0.47555029919620184 0.3835381692873651 0.58577216023304 0.36857156875346136 0.438961230638456 0.2802403531044591 0.6240748119362118 0.9219795750901971 0.5300161206529947 0.7101446628254627 0.3908215692699254 0.49943007734567774 0.4479197248904738 0.8270290941149947 0.15737063119762973 0.5653462401678808 0.2452483805243566 0.39453463118972265 0.5765762168704989 0.8589412994677617 0.464178967502633 0.9151819986282135 0.44937826942849335 0.9145916980175324 0.21472291006989785 0.4245313804679098 0.828961094576658 0.5212255158705958 0.25313287163833703 0.4986845053289892 0.5854374968830316 0.4657964068208183 0.18874940881419056 0.16847726845431715 0.4588731235673493 0.5817387491645524 0.7011415979594471 0.8111013492105119 0.5290253418685147 0.2420077566268652 0.5173182013279645 0.5768296012340539 0.6675084353933982 0.3376616500087859 0.4951209063019788 0.5580694857570949 0.46905123566677615 0.7620237274772971 0.7797693656237563 0.38802092175319375 0.7227254082594673 0.27798543190880065 0.7269656908160249 0.8904430306483775 0.5179217650957453 0.7107832188988431 0.5995761564547502 0.3810084390594805 0.660966716478212 
0.732955019031593 0.40729749093820633 0.7543274581064032 0.5300154451918054 0.44650458385297387 0.33098085260079957 0.44487917832460433 0.5474892730164811 0.7112570916580802 0.22240404087543414 0.7171030812864838 0.3464475575736629 0.6058942977939594 0.20615557347098573 0.3908215692699254 0.1682900532136553 0.6416675436016079 0.7230476225362872 0.9606191227441441 0.47256231009089117 0.310923587112214 0.4666169846728212 0.3706084634636757 0.24833179106539838 0.8454828875451705 0.5252373873350151 0.7053745993057137 0.4151302342376583 0.03269218866683665 0.20307913795363813 0.2761509589178253 0.38703525872019723 0.22224249526969753 0.5721626457640414 0.6720696477290393 0.09553162272351284 0.34941974277983245 0.13810425092539597 0.7251483861397692 0.5249898305874588 0.3676097730913743 0.6447956691832355 0.38550749781404897 0.8638879698537579 0.30039388239038967 0.6715314054991167 0.40488039444864 0.3663473051967647 0.5740930699668616 0.22776409891589638 0.673572782312943 0.229455970087187 0.22705995004575608 0.6579262741560503 0.46043548476829416 0.5395897285668524 0.13867641622762372 0.5410699237475454 0.5272979341170374 0.6902278607235279 0.7441160371943427 0.47954033103989635 0.6394162718035322 0.2851926896643602 
0.44705096240256365 0.6815229012922204 0.28129843237006935 0.7961036009168265 0.39214921048298346 0.22888079975345327 0.48355436416650593 0.2213122471157863 0.7901434114791177 0.4443016549524697 0.4975819178481486 0.674468016895763 0.5725273035452753 0.30871929351758765 0.49943007734567774 0.6416675436016079 0.8175572140074217 0.3626094805343393 0.3384126156744672 0.5418254383446623 0.5227736626617481 0.3306262219146517 0.9230143871679262 0.4332986670331777 0.6072656839174362 0.6781854671382314 0.09766395238326303 0.3723596857073291 0.8566744375240583 0.29882361523085804 0.42751734957476567 0.32745440734340764 0.5566019380500173 0.3573302413884704 0.7074477076660383 0.6711795960779126 0.5543458902510678 0.12789738112147764 0.1261938483690111 0.6899476374187062 0.07408581893788929 0.2666473858445296 0.5928024596560375 0.7376163508966431 0.7643963562274927 0.6137394781778488 0.2486814350720905 0.3846100477353472 0.9176214325855361 0.2618592459685063 0.57591302900702 0.46858800251333493 0.2328300284786715 0.5153512822779978 0.5007582003548697 0.4134517979385794 0.4208501357411939 0.3560644918376013 0.5838607165534111 0.8531453039352828 0.062145382795098125 0.5114867442359438 0.4162113804466816 0.8161302201973359 
0.6598218021151463 0.5134153547718168 0.649562205304191 0.4682764179750029 0.4067399361928734 0.5758325289441255 0.26698276335637294 0.5547009545095327 0.7426783020254002 0.40925449330332875 0.3838873537725617 0.5867610736075103 0.4112224646268371 0.3025934591426024 0.4479197248904738 0.7230476225362872 0.3626094805343393 0.6519109401856814 0.3416537163742424 0.5953526579584818 0.7221576155151315 0.3921421106098638 0.8798667285464332 0.5413091858030812 0.7648517851991308 0.37732112926205497 0.43560728366529566 0.5532013482192331 0.27612794009189523 0.47306392431452143 0.7866118860899867 0.5665901628352817 0.5663733502823394 0.5206705236152591 0.5453276163022711 0.5217596164090825 0.8695903854364413 0.5737048446987314 0.4412135466005369 0.3007136721262923 0.45068863555620886 0.41646505570800724 0.568450920390918 0.5006338179998556 0.6227230597430082 0.5772837059273479 0.11537921937871876 0.5603938196557552 0.5549131077844146 0.3190339011351279 0.4882729240295047 0.10499294320728136 0.41044509149505165 0.8653925362670676 0.8273811612842461 0.34991234187394105 0.4642185252302862 0.5896066025451397 0.665162530941027 0.5426954688973112 0.37428415202096976 0.15731561810867417 0.5032422119792466 0.8246521108485163 
0.5744170510640447 0.1880508218689494 0.3101343102109713 0.3334466424441816 0.20352605404128854 0.46920591175057386 0.18910671615746227 0.6019745642118046 0.6264283465072473 0.36811475116570896 0.33271571487270807 0.3625051778802346 0.41358280797180164 0.23030499303928376 0.8270290941149947 0.9606191227441441 0.3384126156744672 0.3416537163742424 0.024921596972745652 0.28446582438695983 0.21258171531698744 0.7350605676464412 0.19312972513750043 0.3394561065031911 0.006330413165386517 0.4704262404962206 0.2560065431426166 0.41647516048018907 0.44927727950783625 0.8614212576929031 0.3437879888224665 0.5317648317735302 0.1713148551202457 0.20377279725480296 0.4879180824398715 0.2876533191711233 0.7573510485407907 0.600429309071723 0.6507406291368473 0.30299766115892246 0.12027060669518119 0.6188488892969422 0.5440991751091937 0.45720756263090084 0.49092086471351 0.5639820660796326 0.8608489401560984 0.49125773879841633 0.500778468200538 0.5011193937291285 0.66185968225608 0.7663175447514423 0.6132837566199807 0.5605457891818393 0.34179099127510376 0.4210742904272136 0.0959096397249466 0.4984315600560628 0.27988924399488896 0.6785657344434526 0.6367122025241368 0.21996173249317585 0.6640322577997009 0.7980457907655916 
0.6506984031055238 0.29702327952537266 0.35139310823691067 0.23076310801064565 0.673181720902172 0.3505732952707345 0.5734066758725831 0.42122530106763717 0.476325069569133 0.18961920051645098 0.8042158732075596 0.20159290001125085 0.5152379163979675 0.9589442469586504 0.15737063119762973 0.47256231009089117 0.5418254383446623 0.5953526579584818 0.28446582438695983 0.2682502759867835 0.7618359165429689 0.3888009424300791 0.7034041829067944 0.33683409266775916 0.5995558509922186 0.24893094552000222 0.5155741741525086 0.9746989475112546 0.08746255145848558 0.5578021094853045 0.5923689884073011 0.504537490410642 0.8621157169557407 0.4478083165595354 0.7851936571055311 0.20854589405391732 0.3290063983809941 0.1310376567316326 0.3223350998223985 0.57870995636891 0.7733839706711034 0.801687649315326 0.2638005959904655 0.6388911526272583 0.12372843767244895 0.6014297414052917 0.7733256277892209 0.53637807878887 0.4584965872005377 0.38336029847473335 0.6950352012406789 0.1659303861616248 0.08534875268437297 0.6111782057240318 0.4934814096570508 0.7696870337905222 0.07274753209871171 0.5407935469981626 0.5994382061119268 0.49661613999215454 0.43259161477591634 0.589673343947523 0.18020474580446383 0.6815214130296685 
0.37574297774417476 0.3579640101523334 0.5824076084659056 0.5806776145480086 0.43746455881335533 0.6861142136041869 0.7803387764702086 0.5570040268319378 0.779344782073667 0.5263329871386426 0.6093369447181529 0.11119855633186543 0.4730731051381104 0.38658757835754115 0.5653462401678808 0.310923587112214 0.5227736626617481 0.7221576155151315 0.21258171531698744 0.7618359165429689 0.1754047972545597 0.33288941825872476 0.4971049496206643 0.41480118668792204 0.40600229976679825 0.6120980961257316 0.8329036759997057 0.18790302683862314 0.3406052777078636 0.8448700780614401 0.21680423641064794 0.5998042304349165 0.12357184055837223 0.2913972524729404 0.41899567332970566 0.7537784160059477 0.4558771465052266 0.32812528631127175 0.8412801643773391 0.3200519254191967 0.4085384877160403 0.39567106560625936 0.34385620321318183 0.7076628934653315 0.7820913379452439 0.7402438320713032 0.7145670424667099 0.8738326458370034 0.9312342064353247 0.6362710021521774 0.1920303327229454 0.5210229600595694 0.4224394038323516 0.5497805270951694 0.5557611560867135 0.4949400397606842 0.21850407654595572 0.8566511721499173 0.5485938018181515 0.4179342561887989 0.26189127663254314 0.6949478511959472 0.46815419613035114 0.4101588058193459 
0.48985900722124026 0.490252987159935 0.6768394436943457 0.4040135895348779 0.7954905804264942 0.3467353941553718 0.5056245849592087 0.6206828120734116 0.5935527402253828 0.2560572664467858 0.8389074679932211 0.37663636734300787 0.40479035339879543 0.8305239346818575 0.2452483805243566 0.4666169846728212 0.3306262219146517 0.3921421106098638 0.7350605676464412 0.3888009424300791 0.33288941825872476 0.8836986237837667 0.5867005655211455 0.4916243758065926 0.3120800859184724 0.8396734283169789 0.5798196918978065 0.37675885261012415 0.19573781462267842 0.19254472433917952 0.6510917767368768 0.7260553985261582 0.4340937506798726 0.19045358491252795 0.6119798390918944 0.6790845745263203 0.7255272279821958 0.5872960176875526 0.32144542594772396 0.4445174147660384 0.37062762543437383 0.2925234467186526 0.49462036989869723 0.22355455911219752 0.34658030310693105 0.6485686085327936 0.25992442133683574 0.36331206251393094 0.4365398939993152 0.8266806298554867 0.4822117682644551 0.46306296270344716 0.6538901478767081 0.17967673016063818 0.5157697256137328 0.3125828355799684 0.8816738634986194 0.6063958487883272 0.5814350961695123 0.32282431173086523 0.3792857130565674 0.5023342370644959 0.3817499942741555 0.4044861950222642 
