16 3.021906030133313 12.933462377420573 226 2814
18 76 64 13 32 27 35 36 8 9 23 35 25 86 82 5 
83 17 68 83 35 64 30 19 23 91 77 99 14 91 74 4 
6 32 31 19 89 94 33 67 38 25 59 90 61 31 58 44 
48 4 42 19 23 99 62 71 85 68 1 1 21 69 30 86 
15 23 44 40 73 88 8 47 50 6 5 50 80 78 7 1 
45 58 82 30 64 5 37 28 4 61 1 33 19 34 79 91 
5 60 82 78 21 41 2 85 45 93 32 15 17 86 42 71 
83 4 85 28 13 77 69 11 60 19 53 69 90 85 94 90 
35 84 60 17 12 15 92 10 52 89 92 79 76 99 78 80 
58 4 33 70 67 13 50 80 35 13 17 67 58 39 14 28 
21 88 85 67 87 78 87 86 86 9 12 31 89 5 84 37 
75 51 2 45 93 69 62 66 86 29 57 5 67 5 89 62 
19 48 41 72 35 89 55 74 43 14 60 28 22 41 13 35 
13 38 67 38 55 99 80 51 9 97 58 69 57 95 58 9 
96 10 51 14 46 60 81 62 68 4 30 19 78 8 13 45 
67 70 55 30 47 55 10 64 7 89 25 47 52 75 46 49 
0.9596761896645057 0.7404734869646297 0.7661633081069747 0.5238609939003871 0.8632480001568003 0.22969334862165702 0.3557563158822025 0.6369733399187752 0.495076742024043 0.5513893908782725 0.318608279503007 0.5345828460221403 0.5767077354555937 0.5585331420415229 0.1650698908383536 0.4137180312556257 
0.7404734869646297 0.9186529123998373 0.9518493483124343 0.7132486109717493 0.422601903921479 0.5445812054470838 0.5803323812081267 0.20866814147312557 0.6371119576540462 0.6019012876619703 0.3274598412076154 0.88517890002288 0.6199541487368836 0.6365031237931336 0.6504712378274773 0.818496562849824 
0.7661633081069747 0.9518493483124343 0.7443162771029225 0.2557164728348842 0.7681997260734811 0.7339820701867408 0.6369006844385384 0.505087726742752 0.19822242981100352 0.5147613032461831 0.4226719317727136 0.46402077319295043 0.3399182979220227 0.3589650344388418 0.4918104370550588 0.22114984255060793 
0.5238609939003871 0.7132486109717493 0.2557164728348842 0.9864166197127687 0.07396940670214464 0.4933407534126307 0.5154303156646791 0.3839388163941896 0.4290473414012939 0.5375754610955723 0.7333954339396451 0.20047496211864874 0.574044991176037 0.5226353746623242 0.4911434653598393 0.3419486821006445 
0.8632480001568003 0.422601903921479 0.7681997260734811 0.07396940670214464 0.15289742970798958 0.27035458579587623 0.5773312018062622 0.4157237633363124 0.7817934815631025 0.3799532988123524 0.5482007030151643 0.5067919987450593 0.3510278554993903 0.7190322445189866 0.5148497513269183 0.48359178769120004 
0.22969334862165702 0.5445812054470838 0.7339820701867408 0.4933407534126307 0.27035458579587623 0.2814447791688026 0.4193564042057416 0.4752232168931615 0.5085988262730345 0.7226985192647204 0.5300959880650291 0.5516284615258257 0.9201849854884645 0.6023727105789842 0.55700401472128 0.43764497866938684 
0.3557563158822025 0.5803323812081267 0.6369006844385384 0.5154303156646791 0.5773312018062622 0.4193564042057416 0.8086699109014346 0.29731989835525197 0.339963799529071 0.8254100009964211 0.6628377183055674 0.5993454009635539 0.6139762620006282 0.7899079608445942 0.7659937816123761 0.4485657594730602 
0.6369733399187752 0.20866814147312557 0.505087726742752 0.3839388163941896 0.4157237633363124 0.4752232168931615 0.29731989835525197 0.47436889507204993 0.16410279429240449 0.39154445241889385 0.6008527257304846 0.27413547637507246 0.33354029877706337 0.4299963290257542 0.49333314782798854 0.5087484497331487 
0.495076742024043 0.6371119576540462 0.19822242981100352 0.4290473414012939 0.7817934815631025 0.5085988262730345 0.339963799529071 0.16410279429240449 0.15818111861099626 0.667073526370056 0.42933906885765283 0.10302827121121849 0.21257494252137893 0.22293714266359654 0.2969759530424707 0.6660385009062078 
0.5513893908782725 0.6019012876619703 0.5147613032461831 0.5375754610955723 0.3799532988123524 0.7226985192647204 0.8254100009964211 0.39154445241889385 0.667073526370056 0.27506447389198707 0.23664276814206797 0.5474850014396913 0.5471645283529902 0.4496873609378701 0.7188269773514298 0.3061200948681827 
0.318608279503007 0.3274598412076154 0.4226719317727136 0.7333954339396451 0.5482007030151643 0.5300959880650291 0.6628377183055674 0.6008527257304846 0.42933906885765283 0.23664276814206797 0.026325023752511112 0.6493825273792729 0.31416869762177135 0.5206380882069094 0.5166569015021669 0.31177424713567303 
0.5345828460221403 0.88517890002288 0.46402077319295043 0.20047496211864874 0.5067919987450593 0.5516284615258257 0.5993454009635539 0.27413547637507246 0.10302827121121849 0.5474850014396913 0.6493825273792729 0.14304802217280432 0.873228066010145 0.7192521282362423 0.44567439829269473 0.5894597392544016 
0.5767077354555937 0.6199541487368836 0.3399182979220227 0.574044991176037 0.3510278554993903 0.9201849854884645 0.6139762620006282 0.33354029877706337 0.21257494252137893 0.5471645283529902 0.31416869762177135 0.873228066010145 0.6827795976809435 0.2942892765793017 0.06553101630192726 0.7692355555080383 
0.5585331420415229 0.6365031237931336 0.3589650344388418 0.5226353746623242 0.7190322445189866 0.6023727105789842 0.7899079608445942 0.4299963290257542 0.22293714266359654 0.4496873609378701 0.5206380882069094 0.7192521282362423 0.2942892765793017 0.9486416459941525 0.6540808526846851 0.605261992135443 
0.1650698908383536 0.6504712378274773 0.4918104370550588 0.4911434653598393 0.5148497513269183 0.55700401472128 0.7659937816123761 0.49333314782798854 0.2969759530424707 0.7188269773514298 0.5166569015021669 0.44567439829269473 0.06553101630192726 0.6540808526846851 0.6004395970414655 0.49950617824797194 
0.4137180312556257 0.818496562849824 0.22114984255060793 0.3419486821006445 0.48359178769120004 0.43764497866938684 0.4485657594730602 0.5087484497331487 0.6660385009062078 0.3061200948681827 0.31177424713567303 0.5894597392544016 0.7692355555080383 0.605261992135443 0.49950617824797194 0.5987813774810812 