8 1.243685303537074 6.145206886399884 298 1370
64 92 8 99 70 55 82 24 
16 84 69 33 74 84 73 27 
18 34 96 76 34 6 32 29 
37 94 32 73 73 45 20 9 
34 63 69 22 11 64 56 74 
22 92 72 96 73 89 75 64 
6 96 65 28 86 69 9 91 
73 51 27 62 85 81 12 4 
0.10709914077051796 0.586838712223372 0.45368632547981386 0.5872209800116521 0.3837858494943295 0.5824595862556279 0.538343071696374 0.5270355440141212 
0.586838712223372 0.48783506177017943 0.5577273848536097 0.11135049348494958 0.6544467010746164 0.8238105418945718 0.27904031282443675 0.815946813294185 
0.45368632547981386 0.5577273848536097 0.484805655024655 0.9403828310159499 0.26904889101986373 0.670076177948825 0.294067805937586 0.6315536350008732 
0.5872209800116521 0.11135049348494958 0.9403828310159499 0.8378371203624436 0.31887878880628084 0.3789302423480632 0.3647690351829245 0.5426267949934058 
0.3837858494943295 0.6544467010746164 0.26904889101986373 0.31887878880628084 0.8613477574043461 0.3038287901551124 0.5178966184260654 0.39731849194154284 
0.5824595862556279 0.8238105418945718 0.670076177948825 0.3789302423480632 0.3038287901551124 0.31814216093905545 0.3626149022604091 0.3424009547509898 
0.538343071696374 0.27904031282443675 0.294067805937586 0.3647690351829245 0.5178966184260654 0.3626149022604091 0.007604878569832274 0.64253345382288 
0.5270355440141212 0.815946813294185 0.6315536350008732 0.5426267949934058 0.39731849194154284 0.3424009547509898 0.64253345382288 0.050040354248041874 