16 3.0246288841394695 14.154467254868502 264 2932
50 13 69 12 21 60 72 82 70 45 12 34 10 80 54 84 
37 58 31 35 40 41 62 45 95 84 39 7 38 54 17 42 
78 99 80 12 67 21 86 67 71 93 89 2 23 12 20 55 
62 89 4 57 58 68 65 89 76 65 21 52 30 50 54 4 
45 53 13 66 29 92 63 12 44 23 51 33 90 15 13 65 
48 75 61 80 94 86 70 64 43 98 30 22 20 74 58 65 
41 42 85 23 47 85 44 13 17 92 24 64 34 43 7 65 
37 79 89 80 54 71 5 85 69 15 93 34 98 96 99 83 
41 59 40 80 55 4 38 22 10 43 79 77 22 91 26 42 
46 35 21 94 18 59 75 67 96 29 1 56 13 5 95 53 
82 97 1 42 29 28 73 95 93 100 66 59 88 85 27 15 
90 93 69 59 1 89 53 14 86 56 50 4 81 39 53 37 
81 62 27 50 37 6 73 92 64 92 48 78 31 71 69 86 
76 88 18 43 69 55 91 13 23 92 69 84 72 14 23 39 
51 25 65 85 78 78 82 83 56 85 18 44 89 2 47 14 
7 95 19 61 40 19 68 50 52 27 96 46 23 33 25 19 
0.909365383489701 0.5136519975385593 0.45665754027379485 0.5219853484443095 0.7716871269270268 0.7292144741215159 0.8865545688342009 0.20539250691995764 0.1874820861673862 0.41394010173413187 0.4314275201320856 0.5996953675110888 0.15030101311221067 0.2846991256633785 0.6387194703192388 0.7523467791526824 
0.5136519975385593 0.8796558070306698 0.8248246406707335 0.6946937752569686 0.7237213409367402 0.31723655473570145 0.43361623230560487 0.7835015823124047 0.26440056158787134 0.5720210259815051 0.42040774403946646 0.747134150041012 0.9579984045152501 0.49895679933037757 0.32017768402823976 0.36897362663404215 
0.45665754027379485 0.8248246406707335 0.07720086771834567 0.850124010571043 0.511884100836651 0.6593029710683115 0.309171745971107 0.24855425798477915 0.7847855188012014 0.5197102520119683 0.8753590286135102 0.019842981148434136 0.7771998204715849 0.3987958720417995 0.9441811107915858 0.43274277099032793 
0.5219853484443095 0.6946937752569686 0.850124010571043 0.8583063961626658 0.42727898849783147 0.7692896356384482 0.848815454147426 0.730383233801013 0.5494533720603727 0.9476946873718809 0.18549111300705828 0.5885841147974745 0.618132182045699 0.4466234016960768 0.48588760745073173 0.20354165961485604 
0.7716871269270268 0.7237213409367402 0.511884100836651 0.42727898849783147 0.9315499648937621 0.530708128219592 0.3682116956042903 0.29371043742884895 0.7398046620575609 0.8373421121196498 0.8312263968637998 0.09339698532743795 0.520425537542389 0.8356714556517855 0.8520105138720078 0.5440018367236097 
0.7292144741215159 0.31723655473570145 0.6593029710683115 0.7692896356384482 0.530708128219592 0.9073531837390674 0.633919301445413 0.6269118655838164 0.6024136380923204 0.31064140027643233 0.2534123202196019 0.8005459789570217 0.8554693303272038 0.31701495347998615 0.6195663468327448 0.6578267858061586 
0.8865545688342009 0.43361623230560487 0.309171745971107 0.848815454147426 0.3682116956042903 0.633919301445413 0.32972596105598273 0.5933154961357849 0.36736664646792727 0.29027154337300415 0.8470038840423775 0.8855897292904947 0.610789600116335 0.4618083725228263 0.6020904559129974 0.26795400702642413 
0.20539250691995764 0.7835015823124047 0.24855425798477915 0.730383233801013 0.29371043742884895 0.6269118655838164 0.5933154961357849 0.051398947363725744 0.31864801518119285 0.4305820157611395 0.35492363190696413 0.35312921307061296 0.5958218818725349 0.2087408485019216 0.7925493705124705 0.48654053382989904 
0.1874820861673862 0.26440056158787134 0.7847855188012014 0.5494533720603727 0.7398046620575609 0.6024136380923204 0.36736664646792727 0.31864801518119285 0.9602869676822001 0.21450728140315567 0.08744151919671844 0.29010713009524564 0.5572888374222977 0.5421935940005107 0.49951583831088403 0.8740116678644739 
0.41394010173413187 0.5720210259815051 0.5197102520119683 0.9476946873718809 0.8373421121196498 0.31064140027643233 0.29027154337300415 0.4305820157611395 0.21450728140315567 0.6600802805384051 0.09548971627607977 0.6435014981559829 0.8463182397496907 0.46796773902332167 0.9257763016592342 0.43617566929600504 
0.4314275201320856 0.42040774403946646 0.8753590286135102 0.18549111300705828 0.8312263968637998 0.2534123202196019 0.8470038840423775 0.35492363190696413 0.08744151919671844 0.09548971627607977 0.3455475956021714 0.29126796400198324 0.7804189651871357 0.7821541696748189 0.6329972851622225 0.7991971471330594 
0.5996953675110888 0.747134150041012 0.019842981148434136 0.5885841147974745 0.09339698532743795 0.8005459789570217 0.8855897292904947 0.35312921307061296 0.29010713009524564 0.6435014981559829 0.29126796400198324 0.7697771877100323 0.7618435377781974 0.6475580710828452 0.5697446706887648 0.5357657737837431 
0.15030101311221067 0.9579984045152501 0.7771998204715849 0.618132182045699 0.520425537542389 0.8554693303272038 0.610789600116335 0.5958218818725349 0.5572888374222977 0.8463182397496907 0.7804189651871357 0.7618435377781974 0.7357604902134788 0.477518896927736 0.4994519565194243 0.5598286330398411 
0.2846991256633785 0.49895679933037757 0.3987958720417995 0.4466234016960768 0.8356714556517855 0.31701495347998615 0.4618083725228263 0.2087408485019216 0.5421935940005107 0.46796773902332167 0.7821541696748189 0.6475580710828452 0.477518896927736 0.5223980439036544 0.6938783861651239 0.5159547397045481 
0.6387194703192388 0.32017768402823976 0.9441811107915858 0.48588760745073173 0.8520105138720078 0.6195663468327448 0.6020904559129974 0.7925493705124705 0.49951583831088403 0.9257763016592342 0.6329972851622225 0.5697446706887648 0.4994519565194243 0.6938783861651239 0.9185845484516497 0.4032994890760676 
0.7523467791526824 0.36897362663404215 0.43274277099032793 0.20354165961485604 0.5440018367236097 0.6578267858061586 0.26795400702642413 0.48654053382989904 0.8740116678644739 0.43617566929600504 0.7991971471330594 0.5357657737837431 0.5598286330398411 0.5159547397045481 0.4032994890760676 0.548185702180546 