32 4.517370275279616 27.33803618604125 390 6076
65 99 43 94 5 24 41 90 47 83 53 100 82 33 38 90 25 75 45 51 50 73 93 20 80 22 3 27 53 3 76 96 
57 3 32 98 20 20 41 14 83 43 39 63 53 83 53 19 48 68 66 30 50 8 29 53 26 66 15 57 48 87 6 7 
31 49 71 47 93 57 53 20 97 19 84 65 83 26 93 39 60 73 85 79 100 33 25 84 54 93 99 100 35 60 68 100 
99 74 91 41 90 9 56 88 59 33 94 72 50 60 79 97 47 35 20 13 91 83 90 20 20 53 33 39 84 50 25 59 
75 82 87 35 74 60 23 39 81 19 41 85 50 47 66 29 52 38 35 56 61 22 96 18 64 56 74 60 15 33 6 64 
10 80 20 38 100 85 17 64 44 98 12 58 33 74 41 66 38 50 21 92 10 89 74 18 61 78 88 65 24 14 83 89 
89 29 93 2 59 4 29 47 66 38 63 5 12 89 87 72 8 73 12 14 44 54 39 61 30 93 50 5 61 47 69 17 
6 68 54 85 20 12 46 68 3 34 95 6 77 26 71 76 69 12 9 61 29 45 44 44 8 70 82 16 12 27 28 15 
93 93 74 15 88 6 92 86 40 56 14 48 54 69 42 70 96 38 65 33 23 25 2 76 74 42 53 3 17 77 25 50 
53 19 78 16 77 41 7 8 40 36 27 43 93 40 44 95 46 76 47 68 33 60 100 37 80 86 70 39 62 3 34 83 
65 32 71 32 19 37 52 85 18 81 15 87 83 76 53 28 87 15 19 41 16 24 60 20 47 79 28 64 85 96 96 87 
8 29 57 44 8 26 3 76 58 91 69 50 39 31 39 43 49 20 34 35 83 27 35 33 13 49 62 1 68 11 15 95 
34 96 16 69 73 90 1 72 17 76 68 2 7 38 60 74 53 59 83 1 50 51 58 86 74 58 27 99 19 4 66 2 
98 85 27 98 11 19 29 51 32 88 46 53 97 76 51 38 80 85 36 21 90 96 91 55 63 25 100 21 83 53 63 57 
6 51 85 39 55 62 90 25 6 25 84 59 65 59 18 57 63 62 11 34 30 45 96 74 26 52 72 91 8 64 63 39 
3 75 27 29 87 7 12 40 1 52 20 89 39 1 4 11 85 39 70 30 67 31 55 90 86 74 22 72 64 84 20 93 
77 50 48 16 37 55 15 59 94 54 53 59 39 23 15 38 82 39 39 44 6 20 83 7 23 87 75 20 41 2 43 1 
20 27 13 26 47 17 22 10 69 45 89 12 71 67 25 49 43 96 58 97 44 45 22 39 86 17 6 81 81 89 14 1 
17 35 34 88 62 47 57 66 65 47 68 7 21 91 96 79 95 62 66 13 93 32 44 36 85 57 24 84 66 69 3 35 
78 15 24 90 55 94 96 81 67 36 79 31 62 81 15 52 55 49 11 11 81 13 70 7 78 63 30 46 36 19 36 61 
27 40 21 52 74 23 27 43 10 24 66 26 58 67 40 57 24 97 6 34 19 92 57 83 44 15 33 98 20 24 70 66 
89 88 87 64 6 89 51 79 85 30 63 37 46 17 75 9 27 72 74 35 35 79 10 59 81 48 69 50 2 39 54 100 
25 29 91 83 87 78 30 7 74 31 79 6 65 46 59 20 56 17 93 31 94 55 78 4 65 60 83 10 65 91 2 21 
52 82 76 50 65 7 2 52 14 79 53 82 22 29 67 88 16 59 52 90 63 24 33 52 5 69 29 24 81 5 63 12 
13 23 50 56 24 41 31 26 93 84 64 73 28 78 94 35 97 17 10 49 69 79 87 34 5 69 13 95 60 13 28 29 
62 18 76 37 90 65 32 86 63 13 38 39 2 48 67 12 41 73 16 89 36 16 3 1 6 85 43 80 4 82 28 75 
14 91 81 72 89 71 44 90 53 46 81 44 16 20 95 5 12 5 54 39 7 90 20 63 30 94 32 79 59 64 3 19 
24 20 59 60 25 54 68 55 91 80 16 23 28 96 84 99 27 74 77 26 69 47 42 51 25 8 57 59 21 79 95 87 
85 41 29 14 84 81 66 73 12 35 29 50 77 98 13 55 94 9 11 1 57 40 94 53 31 51 49 93 81 86 24 55 
65 48 11 32 97 17 92 34 64 58 29 71 22 21 62 50 29 10 32 19 65 32 10 17 100 98 71 26 77 28 29 76 
59 96 79 7 25 12 18 2 49 26 52 89 9 70 37 75 2 4 40 12 53 71 3 29 14 52 3 58 39 12 16 51 
68 63 92 58 35 33 43 34 23 40 18 76 93 22 16 51 40 56 1 83 36 70 10 9 22 11 6 63 23 76 67 63 
0.5728806792049427 0.7811419667652781 0.5317137380050498 0.6142994870200179 0.7355531474997987 0.2731192270139595 0.421260571413429 0.45377447443693253 0.46257309733553437 0.42544475183517994 0.6255869730722811 0.9279727017964072 0.923850842942392 0.7229468952973017 0.343187159064688 0.47554216646350594 0.9108827557566548 0.6540962497878355 0.753881644271726 0.48855284944990496 0.4859173954107322 0.34124326216359113 0.5440579949862193 0.5108848306401961 0.6383671807219361 0.746014850083228 0.3360312650032061 0.5250599852586031 0.5710037526617404 0.4321321877204839 0.043195089838152734 0.5334324051826282 
0.7811419667652781 0.7905735604498505 0.3260368042853445 0.7894151409120027 0.5986392635082661 0.4864325201552925 0.2711316366610454 0.6845337284384156 0.7011721855884305 0.982572695626726 0.03978682693252361 0.6576139438500567 0.5297504934319289 0.8074120660269949 0.28900534748520784 0.628587510924184 0.8939805703341426 0.7305027039321742 0.46212111305201864 0.4947813983818063 0.5394710790376427 0.6851103938493176 0.7598481339999543 0.15302654941565264 0.07794698269121297 0.5276474429306879 0.40860215667160726 0.7082914325900902 0.5827167724752951 0.47553156695884474 0.1957131795750815 0.8806499437799236 
0.5317137380050498 0.3260368042853445 0.6163196586114189 0.6809324330832258 0.2032802589249178 0.4467438733369828 0.3369640955163481 0.22631418730527442 0.6470492611929298 0.6601426764021789 0.6258027901875047 0.24075715913890539 0.2996010703669375 0.4052229211243402 0.5673193024468208 0.558162005996155 0.38328434294018904 0.6652798207764958 0.29462811481477663 0.5551166720698407 0.5527542334712767 0.4324485806442263 0.4876170220011501 0.4924474925867448 0.6376951706239176 0.6425076463194908 0.2587693102218708 0.5651583679307193 0.3504385910789925 0.26322850154103755 0.4174086300884473 0.41872435633723504 
0.6142994870200179 0.7894151409120027 0.6809324330832258 0.3525747768662977 0.8369445476485499 0.17443190471891967 0.20271861521353962 0.2701255017674233 0.347770258089105 0.544572625287465 0.3834658853690868 0.3669557988143137 0.2943528288742469 0.4269352099626049 0.5643443794048912 0.40198630998635493 0.3486234107094304 0.514199953296383 0.5477033844564251 0.5932455739983549 0.4691500703827051 0.49143107416019094 0.1545946624320163 0.666408174747436 0.47203762577937264 0.5875526679188012 0.28189859561863834 0.6517816655026418 0.4826267469290936 0.5731409614159405 0.7847938353157786 0.32421023870403204 
0.7355531474997987 0.5986392635082661 0.2032802589249178 0.8369445476485499 0.21061638221844092 0.6882050613525104 0.25725090403325834 0.5026412709329787 0.2511271854451918 0.3850946299108351 0.46116394887304835 0.5269674485275022 0.437833386102808 0.518473951557525 0.2977524555063859 0.7106802967830591 0.3707622475435755 0.8169615428558563 0.8258718310481632 0.554093077752008 0.3690011114219109 0.6815459901485046 0.5898441887162456 0.4349146222090745 0.6569823560857324 0.5807860157007155 0.37656935767555894 0.5230332197233347 0.4019887964056182 0.3109345978593268 0.24674538211259334 0.6966043998584839 
0.2731192270139595 0.4864325201552925 0.4467438733369828 0.17443190471891967 0.6882050613525104 0.158369732540372 0.4195341174814743 0.6421514265885087 0.3152699721849746 0.6221672845185344 0.5170201214435743 0.2984704109632284 0.39789222369164906 0.35505318052585244 0.7240201802047007 0.5712170653947333 0.2994955524279152 0.6349124984879037 0.09969631961664482 0.5853198688721255 0.5710942217154834 0.8001547371716595 0.27236192245913043 0.179867864855021 0.48987706383483304 0.48717004962462135 0.39472529184534755 0.6090098102758685 0.46557944912183974 0.1876286866323622 0.32163024046836025 0.4260510481240339 
0.421260571413429 0.2711316366610454 0.3369640955163481 0.20271861521353962 0.25725090403325834 0.4195341174814743 0.8648958072187174 0.5140786374050499 0.3324488702186636 0.733008485018856 0.7388844991668808 0.5375602901656718 0.8102228507230449 0.5803556760058806 0.567154168861624 0.3243922031363366 0.5952554391083245 0.5644560010859501 0.5699598764436228 0.7681586490496862 0.31764423803074604 0.856103137010232 0.3840006415218338 0.5460973913674823 0.36018623477910694 0.5624941405680064 0.23318438546698106 0.524286967985296 0.6335383471521634 0.7698730374440135 0.7098498120338397 0.44379274921049855 
0.45377447443693253 0.6845337284384156 0.22631418730527442 0.2701255017674233 0.5026412709329787 0.6421514265885087 0.5140786374050499 0.3650559807118269 0.36246936142431657 0.5377881567987989 0.4215125178704852 0.7512549357049947 0.7841059756677584 0.16734455351535965 0.7484072089464181 0.6389547329789416 0.6695103184149941 0.4697876322040633 0.1446448827956499 0.34995538832681633 0.43497338282316866 0.4953001926313897 0.34282404445013503 0.522545327858478 0.7458595385400091 0.45036413244164647 0.22551852337723782 0.45705077655468784 0.458342584934329 0.5620764461436399 0.5092486380518692 0.6155406752134259 
0.46257309733553437 0.7011721855884305 0.6470492611929298 0.347770258089105 0.2511271854451918 0.3152699721849746 0.3324488702186636 0.36246936142431657 0.7441499531232714 0.6547173001696954 0.32468413466721757 0.6351706563012562 0.8844164457807203 0.19603064856268415 0.4584532302831013 0.9850435362524116 0.12226431082526673 0.3632499604479975 0.12538691438734428 0.6482995880770144 0.1564604582835153 0.4666737290504531 0.6601386959489339 0.629224116532487 0.19563762190501072 0.8413949192344315 0.2913825450460468 0.42370578793241304 0.4680556285646714 0.7546411344962376 0.42603473648130646 0.36616806429712756 
0.42544475183517994 0.982572695626726 0.6601426764021789 0.544572625287465 0.3850946299108351 0.6221672845185344 0.733008485018856 0.5377881567987989 0.6547173001696954 0.7296969064191444 0.5539099314444078 0.5149549407852093 0.24588601571303548 0.41340674475807343 0.4206219474273703 0.8488889383663907 0.4869038591841879 0.43534275332349553 0.6998850138749344 0.5461990693491707 0.2899035564040217 0.45562158952032705 0.3813411326167565 0.2654676350176649 0.5143223089011979 0.8203305567595734 0.4498861962407206 0.7069325381348479 0.8718174700315985 0.5602581390183131 0.7302859430171871 0.6325369310552871 
0.6255869730722811 0.03978682693252361 0.6258027901875047 0.3834658853690868 0.46116394887304835 0.5170201214435743 0.7388844991668808 0.4215125178704852 0.32468413466721757 0.5539099314444078 0.11587935571265173 0.6015020515880044 0.2706192812848075 0.5119421318009352 0.6492412493139983 0.6080210083527311 0.4672454805387922 0.8554287262658866 0.49997987620576745 0.756476663116406 0.6526340522160188 0.30090632519561555 0.631252585497463 0.7619534043665658 0.6214718540066108 0.22278389728604603 0.1272110766553864 0.1331690004899625 0.7131857160092092 0.4648814132743023 0.3516335276816855 0.3772931393266983 
0.9279727017964072 0.6576139438500567 0.24075715913890539 0.3669557988143137 0.5269674485275022 0.2984704109632284 0.5375602901656718 0.7512549357049947 0.6351706563012562 0.5149549407852093 0.6015020515880044 0.3860850108105941 0.60694208131302 0.49519941553298213 0.5756693961094717 0.5212495096215964 0.5113180117120601 0.3100123411701432 0.28166859190581656 0.5999080894867526 0.7199936698582854 0.6972204359902309 0.6364167652778334 0.6526764088858099 0.5042328303840082 0.5249925665676187 0.5090876478497915 0.6633105130504413 0.2707799634199613 0.7928268280277202 0.3462302952605439 0.48141624933782806 
0.923850842942392 0.5297504934319289 0.2996010703669375 0.2943528288742469 0.437833386102808 0.39789222369164906 0.8102228507230449 0.7841059756677584 0.8844164457807203 0.24588601571303548 0.2706192812848075 0.60694208131302 0.3583644227327528 0.4683983483185244 0.7062020641203304 0.3494724819930542 0.7914577686502999 0.26966224710284814 0.4432255646417757 0.5162329789398685 0.6171337880988934 0.15394489892447255 0.6047789322393565 0.15311165982251262 0.4498885522718806 0.3842151870962174 0.3592790610958576 0.7912972249556496 0.3737541052868197 0.4512072639428392 0.6561064683484693 0.9509995221174481 
0.7229468952973017 0.8074120660269949 0.4052229211243402 0.4269352099626049 0.518473951557525 0.35505318052585244 0.5803556760058806 0.16734455351535965 0.19603064856268415 0.41340674475807343 0.5119421318009352 0.49519941553298213 0.4683983483185244 0.6750158470816603 0.37699901152117177 0.43520725162924184 0.48373422666049765 0.7042527171355262 0.6700450253488202 0.6014577928657674 0.5945761001232832 0.40657108748551035 0.5955429577296609 0.5334679384256809 0.463708463889312 0.859329909943056 0.8341769627340736 0.4058157713914244 0.5700274250942183 0.5135440678336264 0.35039617681044094 0.6432259968907297 
0.343187159064688 0.28900534748520784 0.5673193024468208 0.5643443794048912 0.2977524555063859 0.7240201802047007 0.567154168861624 0.7484072089464181 0.4584532302831013 0.4206219474273703 0.6492412493139983 0.5756693961094717 0.7062020641203304 0.37699901152117177 0.1563646770466106 0.5151516738375871 0.422448264015004 0.39137584638904777 0.9519007075372673 0.15286992561378887 0.620929293402289 0.5648836803460584 0.7638721616675108 0.07473308459174194 0.4707571152582833 0.3490972350219018 0.22807265293551526 0.4675717950193344 0.3355101013472924 0.37952341179199783 0.35599459384239707 0.901201443526205 
0.47554216646350594 0.628587510924184 0.558162005996155 0.40198630998635493 0.7106802967830591 0.5712170653947333 0.3243922031363366 0.6389547329789416 0.9850435362524116 0.8488889383663907 0.6080210083527311 0.5212495096215964 0.3494724819930542 0.43520725162924184 0.5151516738375871 0.31534248579424673 0.5796448693596294 0.2976898566132883 0.2894906476222463 0.5544991882600419 0.5581479935649487 0.18293622108901791 0.910280146155575 0.6787950517208236 0.4665755058769805 0.1248324102528563 0.5980177902220355 0.5186968325616452 0.4969695568578986 0.483615353613805 0.6075248696402664 0.4401507026391325 
0.9108827557566548 0.8939805703341426 0.38328434294018904 0.3486234107094304 0.3707622475435755 0.2994955524279152 0.5952554391083245 0.6695103184149941 0.12226431082526673 0.4869038591841879 0.4672454805387922 0.5113180117120601 0.7914577686502999 0.48373422666049765 0.422448264015004 0.5796448693596294 0.13811414795114785 0.11124522488261779 0.4070751573599695 0.6835251308984319 0.7104009661477405 0.47748720690446356 0.6435657489606722 0.7040355057771153 0.5034717272395919 0.5385627701510931 0.26061853723998424 0.4984453312748744 0.16068093475244838 0.44190511881388095 0.33961614431101933 0.34066158897248505 
0.6540962497878355 0.7305027039321742 0.6652798207764958 0.514199953296383 0.8169615428558563 0.6349124984879037 0.5644560010859501 0.4697876322040633 0.3632499604479975 0.43534275332349553 0.8554287262658866 0.3100123411701432 0.26966224710284814 0.7042527171355262 0.39137584638904777 0.2976898566132883 0.11124522488261779 0.9904611892118192 0.814314847564032 0.4924243226477337 0.3331026509480684 0.636869510225496 0.7380778923533302 0.3997539103674839 0.3012636857778486 0.46585488584514145 0.39256551057510086 0.8994957298647981 0.5977781564746634 0.21205156951822435 0.3865582813442492 0.5628902006735774 
0.753881644271726 0.46212111305201864 0.29462811481477663 0.5477033844564251 0.8258718310481632 0.09969631961664482 0.5699598764436228 0.1446448827956499 0.12538691438734428 0.6998850138749344 0.49997987620576745 0.28166859190581656 0.4432255646417757 0.6700450253488202 0.9519007075372673 0.2894906476222463 0.4070751573599695 0.814314847564032 0.08456342332082545 0.34596805779163853 0.6809897285387244 0.5384155286911103 0.7246716593315599 0.53152998519991 0.22459659597719345 0.4268195739713948 0.7254873197864087 0.5824880387636648 0.6498734898754339 0.4854193054328326 0.1303267003330873 0.5145136830362014 
0.48855284944990496 0.4947813983818063 0.5551166720698407 0.5932455739983549 0.554093077752008 0.5853198688721255 0.7681586490496862 0.34995538832681633 0.6482995880770144 0.5461990693491707 0.756476663116406 0.5999080894867526 0.5162329789398685 0.6014577928657674 0.15286992561378887 0.5544991882600419 0.6835251308984319 0.4924243226477337 0.34596805779163853 0.049979157694096554 0.7460413092290212 0.5943544665610225 0.440440457227703 0.3822912412555331 0.8378245605273059 0.5493026482256933 0.36033849105546206 0.5693102849161833 0.8078810092086279 0.3563113455532186 0.6720531365595035 0.7707581882871912 
0.4859173954107322 0.5394710790376427 0.5527542334712767 0.4691500703827051 0.3690011114219109 0.5710942217154834 0.31764423803074604 0.43497338282316866 0.1564604582835153 0.2899035564040217 0.6526340522160188 0.7199936698582854 0.6171337880988934 0.5945761001232832 0.620929293402289 0.5581479935649487 0.7104009661477405 0.3331026509480684 0.6809897285387244 0.7460413092290212 0.14802478653284634 0.3868361770554526 0.1983287689393063 0.5372735396576899 0.6225614500617935 0.4116510999744872 0.28282269064524457 0.2991727455438259 0.2766693969007797 0.5135116091180092 0.3039923642862265 0.12619709830644837 
0.34124326216359113 0.6851103938493176 0.4324485806442263 0.49143107416019094 0.6815459901485046 0.8001547371716595 0.856103137010232 0.4953001926313897 0.4666737290504531 0.45562158952032705 0.30090632519561555 0.6972204359902309 0.15394489892447255 0.40657108748551035 0.5648836803460584 0.18293622108901791 0.47748720690446356 0.636869510225496 0.5384155286911103 0.5943544665610225 0.3868361770554526 0.8043347445412371 0.5913769266910012 0.5468291317421623 0.2577990728974964 0.6117710273405866 0.45837188752589664 0.8677170616871652 0.11602697613766527 0.6596948962042561 0.5906379637620842 0.7166103020275698 
0.5440579949862193 0.7598481339999543 0.4876170220011501 0.1545946624320163 0.5898441887162456 0.27236192245913043 0.3840006415218338 0.34282404445013503 0.6601386959489339 0.3813411326167565 0.631252585497463 0.6364167652778334 0.6047789322393565 0.5955429577296609 0.7638721616675108 0.910280146155575 0.6435657489606722 0.7380778923533302 0.7246716593315599 0.440440457227703 0.1983287689393063 0.5913769266910012 0.3178779526124107 0.5057196789382641 0.3082579009637781 0.40451911604675916 0.7410118755492627 0.44165060649664456 0.4610501535812644 0.444488680920823 0.4548093028467232 0.38577079969583933 
0.5108848306401961 0.15302654941565264 0.4924474925867448 0.666408174747436 0.4349146222090745 0.179867864855021 0.5460973913674823 0.522545327858478 0.629224116532487 0.2654676350176649 0.7619534043665658 0.6526764088858099 0.15311165982251262 0.5334679384256809 0.07473308459174194 0.6787950517208236 0.7040355057771153 0.3997539103674839 0.53152998519991 0.3822912412555331 0.5372735396576899 0.5468291317421623 0.5057196789382641 0.08042851980965415 0.3227821085004508 0.9414616290646899 0.5396703154422808 0.5158807681756103 0.5619730848364721 0.5458085937210404 0.3992527164101751 0.5703172928580227 
0.6383671807219361 0.07794698269121297 0.6376951706239176 0.47203762577937264 0.6569823560857324 0.48987706383483304 0.36018623477910694 0.7458595385400091 0.19563762190501072 0.5143223089011979 0.6214718540066108 0.5042328303840082 0.4498885522718806 0.463708463889312 0.4707571152582833 0.4665755058769805 0.5034717272395919 0.3012636857778486 0.22459659597719345 0.8378245605273059 0.6225614500617935 0.2577990728974964 0.3082579009637781 0.3227821085004508 0.21078453323263324 0.9141139534443203 0.30378002886332556 0.4356467744186091 0.0998571457737305 0.6580543112387467 0.5313130840752602 0.6546568200378955 
0.746014850083228 0.5276474429306879 0.6425076463194908 0.5875526679188012 0.5807860157007155 0.48717004962462135 0.5624941405680064 0.45036413244164647 0.8413949192344315 0.8203305567595734 0.22278389728604603 0.5249925665676187 0.3842151870962174 0.859329909943056 0.3490972350219018 0.1248324102528563 0.5385627701510931 0.46585488584514145 0.4268195739713948 0.5493026482256933 0.4116510999744872 0.6117710273405866 0.40451911604675916 0.9414616290646899 0.9141139534443203 0.6132250841185565 0.7836211815078039 0.13307866200933965 0.6628099948532143 0.26947665533841486 0.46955143505036495 0.38943521717088836 
0.3360312650032061 0.40860215667160726 0.2587693102218708 0.28189859561863834 0.37656935767555894 0.39472529184534755 0.23318438546698106 0.22551852337723782 0.2913825450460468 0.4498861962407206 0.1272110766553864 0.5090876478497915 0.3592790610958576 0.8341769627340736 0.22807265293551526 0.5980177902220355 0.26061853723998424 0.39256551057510086 0.7254873197864087 0.36033849105546206 0.28282269064524457 0.45837188752589664 0.7410118755492627 0.5396703154422808 0.30378002886332556 0.7836211815078039 0.1438415233575484 0.4629914207382121 0.824528893026172 0.5527062558720686 0.5433431382684564 0.6031082180646778 
0.5250599852586031 0.7082914325900902 0.5651583679307193 0.6517816655026418 0.5230332197233347 0.6090098102758685 0.524286967985296 0.45705077655468784 0.42370578793241304 0.7069325381348479 0.1331690004899625 0.6633105130504413 0.7912972249556496 0.4058157713914244 0.4675717950193344 0.5186968325616452 0.4984453312748744 0.8994957298647981 0.5824880387636648 0.5693102849161833 0.2991727455438259 0.8677170616871652 0.44165060649664456 0.5158807681756103 0.4356467744186091 0.13307866200933965 0.4629914207382121 0.8647935190758969 0.2775449407512186 0.5908047298064354 0.5048938696263365 0.371009261807419 
0.5710037526617404 0.5827167724752951 0.3504385910789925 0.4826267469290936 0.4019887964056182 0.46557944912183974 0.6335383471521634 0.458342584934329 0.4680556285646714 0.8718174700315985 0.7131857160092092 0.2707799634199613 0.3737541052868197 0.5700274250942183 0.3355101013472924 0.4969695568578986 0.16068093475244838 0.5977781564746634 0.6498734898754339 0.8078810092086279 0.2766693969007797 0.11602697613766527 0.4610501535812644 0.5619730848364721 0.0998571457737305 0.6628099948532143 0.824528893026172 0.2775449407512186 0.48314677386818605 0.4884866043244857 0.6956150341694187 0.6025149472482442 
0.4321321877204839 0.47553156695884474 0.26322850154103755 0.5731409614159405 0.3109345978593268 0.1876286866323622 0.7698730374440135 0.5620764461436399 0.7546411344962376 0.5602581390183131 0.4648814132743023 0.7928268280277202 0.4512072639428392 0.5135440678336264 0.37952341179199783 0.483615353613805 0.44190511881388095 0.21205156951822435 0.4854193054328326 0.3563113455532186 0.5135116091180092 0.6596948962042561 0.444488680920823 0.5458085937210404 0.6580543112387467 0.26947665533841486 0.5527062558720686 0.5908047298064354 0.4884866043244857 0.8675583879739439 0.5253088490966296 0.569813554673606 
0.043195089838152734 0.1957131795750815 0.4174086300884473 0.7847938353157786 0.24674538211259334 0.32163024046836025 0.7098498120338397 0.5092486380518692 0.42603473648130646 0.7302859430171871 0.3516335276816855 0.3462302952605439 0.6561064683484693 0.35039617681044094 0.35599459384239707 0.6075248696402664 0.33961614431101933 0.3865582813442492 0.1303267003330873 0.6720531365595035 0.3039923642862265 0.5906379637620842 0.4548093028467232 0.3992527164101751 0.5313130840752602 0.46955143505036495 0.5433431382684564 0.5048938696263365 0.6956150341694187 0.5253088490966296 0.8462817227853444 0.38827526025983505 
0.5334324051826282 0.8806499437799236 0.41872435633723504 0.32421023870403204 0.6966043998584839 0.4260510481240339 0.44379274921049855 0.6155406752134259 0.36616806429712756 0.6325369310552871 0.3772931393266983 0.48141624933782806 0.9509995221174481 0.6432259968907297 0.901201443526205 0.4401507026391325 0.34066158897248505 0.5628902006735774 0.5145136830362014 0.7707581882871912 0.12619709830644837 0.7166103020275698 0.38577079969583933 0.5703172928580227 0.6546568200378955 0.38943521717088836 0.6031082180646778 0.371009261807419 0.6025149472482442 0.569813554673606 0.38827526025983505 0.05684375364182159 