8 1.8961223772367557 6.208973718651966 164 1220
68 15 10 25 68 12 86 44 
70 25 66 54 72 9 2 70 
27 50 45 63 38 96 37 43 
67 25 64 14 89 41 91 4 
77 42 13 35 12 33 5 52 
86 17 50 24 97 6 77 14 
29 12 51 19 92 95 90 35 
22 33 55 9 85 71 40 83 
0.6200632162762982 0.2299659034261809 0.3523023773716278 0.7110210745268042 0.6302875513384507 0.5533372584004637 0.9730320905581902 0.8616505518115634 
0.2299659034261809 0.7620879817750278 0.5527268738851805 0.11640812682675333 0.20876178881829338 0.3620763920783611 0.3758173730571163 0.6458432335509989 
0.3523023773716278 0.5527268738851805 0.006465404611570746 0.844389397906723 0.5714601083206852 0.4012754160558 0.4385363503937124 0.7108460651360693 
0.7110210745268042 0.11640812682675333 0.844389397906723 0.7413862669132303 0.7045686526117922 0.5007480931679713 0.2769693022629702 0.4168599903739859 
0.6302875513384507 0.20876178881829338 0.5714601083206852 0.7045686526117922 0.5256231401523926 0.24249942259982016 0.6520079064312416 0.5913852612246084 
0.5533372584004637 0.3620763920783611 0.4012754160558 0.5007480931679713 0.24249942259982016 0.593642606104726 0.3480186922089623 0.3024604219295178 
0.9730320905581902 0.3758173730571163 0.4385363503937124 0.2769693022629702 0.6520079064312416 0.3480186922089623 0.11100633982521113 0.48780147437627375 
0.8616505518115634 0.6458432335509989 0.7108460651360693 0.4168599903739859 0.5913852612246084 0.3024604219295178 0.48780147437627375 0.6927770136899932 