64 6.235537587672173 57.71845288946099 390 12594
62 43 12 48 20 96 16 71 88 92 30 18 93 92 52 78 6 38 85 96 2 25 28 6 30 96 68 41 87 28 7 94 15 76 19 14 56 19 52 95 85 2 3 62 30 89 99 39 60 64 14 32 88 42 8 52 65 51 49 66 34 17 8 29 
73 19 76 31 69 15 48 82 60 16 17 5 20 56 44 71 37 20 31 87 77 32 27 17 75 55 80 1 78 5 91 65 80 5 9 44 83 10 25 57 55 41 14 39 32 19 16 29 45 27 77 68 38 51 41 89 84 47 4 69 100 42 47 35 
56 17 20 58 6 67 54 21 38 85 82 69 38 87 72 30 1 41 56 3 29 31 65 96 100 65 25 63 22 81 30 5 9 4 35 68 18 46 29 92 61 19 40 33 91 98 4 49 80 62 71 73 30 76 35 18 75 56 58 82 29 24 80 95 
83 42 28 32 51 31 75 56 78 75 50 52 14 70 21 92 93 22 35 45 14 68 48 43 65 65 36 63 13 6 2 1 48 64 29 97 33 39 93 85 12 9 57 47 53 82 78 87 41 95 12 9 29 92 47 35 77 91 86 51 69 56 2 20 
11 62 88 47 82 87 30 57 26 19 40 68 94 99 64 64 76 52 96 71 66 6 30 69 25 35 53 72 91 55 42 57 32 66 78 99 65 90 60 70 51 58 88 29 60 46 1 82 14 82 85 20 89 97 51 65 37 88 55 7 71 50 48 2 
94 97 64 28 47 11 19 23 81 4 61 92 94 11 11 33 33 97 42 54 38 17 59 42 48 82 94 34 68 33 44 18 33 10 7 100 53 74 22 64 42 26 82 68 80 24 94 48 80 94 50 17 11 30 53 79 74 6 14 33 63 14 95 35 
57 18 65 78 56 48 39 67 64 15 4 40 67 87 68 66 3 10 35 66 42 76 5 69 13 63 65 19 65 65 43 31 25 45 82 10 88 89 11 88 53 1 1 18 86 16 89 66 68 65 71 37 82 84 9 33 2 99 2 14 84 99 75 54 
64 41 61 84 45 97 40 95 95 33 46 82 10 93 61 12 60 78 46 67 84 25 11 70 65 61 75 51 34 11 78 88 95 57 4 1 52 57 15 69 32 63 10 67 99 74 33 66 67 54 38 95 44 86 50 96 89 3 10 49 50 30 73 71 
47 63 38 72 84 9 10 69 55 82 79 84 24 96 18 29 75 94 46 28 84 83 15 43 38 81 27 70 14 25 63 76 50 76 73 29 4 73 34 55 85 87 64 8 82 52 15 65 24 29 99 4 18 76 62 87 73 25 95 42 20 6 6 45 
26 56 68 40 10 78 40 94 83 25 51 1 82 4 11 40 100 17 60 30 92 65 56 23 52 23 50 74 15 72 56 92 30 35 64 87 74 13 99 55 49 18 100 57 81 53 76 45 17 38 76 10 85 67 21 26 13 93 45 42 40 69 22 18 
27 79 2 41 58 5 26 97 18 29 61 58 11 93 79 78 85 36 91 11 50 58 61 45 45 33 63 5 16 72 70 1 67 41 91 19 2 81 27 62 98 36 79 9 27 97 45 31 11 30 79 24 31 3 80 6 37 4 2 55 67 51 80 100 
56 87 97 25 53 56 34 98 17 78 43 53 12 58 27 100 31 23 64 2 55 9 63 85 86 64 81 41 36 24 8 9 7 12 74 58 74 67 45 16 8 46 26 37 80 56 80 61 51 37 33 81 66 13 66 49 12 78 2 7 62 22 75 72 
66 37 70 83 23 22 64 45 16 13 53 84 63 23 51 29 57 11 39 4 83 94 61 31 86 2 59 84 92 18 62 22 84 48 85 73 83 80 28 11 88 86 94 80 88 47 24 63 45 60 49 76 63 57 20 13 9 17 91 25 47 94 18 34 
61 97 40 81 14 75 92 100 5 54 28 92 58 96 63 68 91 65 3 99 36 96 79 20 1 78 2 38 59 4 34 25 7 7 25 78 13 96 66 100 45 44 16 75 6 2 89 97 23 32 19 1 16 98 75 31 54 41 16 21 21 15 91 6 
48 35 19 26 69 80 93 60 8 94 28 61 42 77 56 36 88 38 53 46 24 65 87 87 15 20 60 95 16 94 60 66 22 77 89 30 50 34 3 20 74 66 8 11 10 12 28 20 83 66 20 16 18 82 33 34 6 97 83 56 81 70 59 95 
25 43 64 69 4 44 76 38 98 93 4 26 14 50 22 21 6 10 65 67 56 66 44 22 57 26 41 42 7 20 68 55 9 77 33 19 42 75 11 15 57 70 51 40 100 10 24 52 3 34 2 11 52 48 5 49 81 51 88 75 15 17 48 92 
13 15 89 99 32 79 44 93 43 69 88 32 70 20 59 9 72 72 15 74 42 23 32 25 5 48 83 31 85 34 12 89 48 34 17 63 39 88 32 67 62 98 88 99 70 3 15 1 38 100 66 15 54 58 12 42 91 76 6 6 9 34 21 88 
57 26 42 80 89 80 34 30 56 96 50 79 43 72 80 55 36 83 69 30 2 31 64 63 95 66 23 35 5 57 35 54 18 25 9 56 45 28 56 31 66 85 8 25 24 82 77 5 47 21 89 84 26 24 21 79 32 75 49 16 40 21 89 88 
83 85 7 46 30 7 39 89 30 60 65 20 20 9 10 26 35 27 66 41 83 62 6 44 48 93 47 95 39 14 15 8 13 88 23 35 54 64 30 99 57 8 11 34 42 100 31 42 44 40 24 40 66 12 55 89 48 100 86 2 51 19 3 100 
24 32 55 38 86 37 63 18 43 56 13 98 93 95 50 24 18 81 56 8 86 46 44 10 48 47 48 9 70 10 60 14 43 43 89 92 66 21 90 27 7 42 9 11 66 30 58 60 25 38 49 79 95 28 77 28 61 60 28 5 32 20 9 92 
36 5 68 15 80 11 75 75 31 66 53 27 97 15 50 98 67 63 37 37 33 41 100 28 98 72 95 13 99 36 52 93 52 57 53 58 76 29 68 96 22 83 39 3 62 38 36 1 57 30 1 77 1 41 51 92 36 64 15 5 25 79 28 9 
79 26 18 89 44 68 70 20 20 44 39 5 25 98 4 22 61 19 82 16 6 71 49 67 56 31 10 33 21 66 39 9 58 19 87 19 78 92 8 27 55 19 85 30 85 46 26 100 38 65 59 74 20 62 63 43 71 58 65 82 68 52 39 32 
98 96 78 52 70 96 5 55 10 94 64 57 33 85 29 26 7 55 62 71 65 60 19 36 72 80 29 33 21 74 93 52 73 70 80 43 71 29 11 1 79 5 68 57 11 54 20 28 42 22 81 100 52 48 22 48 74 37 93 6 9 49 50 7 
97 60 71 58 33 48 18 36 19 76 99 2 38 41 83 51 92 84 28 57 11 55 48 34 30 27 64 17 13 81 69 5 52 37 1 97 82 26 7 74 55 33 14 76 91 77 14 43 52 48 82 75 82 9 42 99 81 46 67 9 73 14 20 31 
98 33 96 100 38 31 44 98 51 80 55 48 27 43 6 55 40 64 56 66 4 23 51 68 53 84 99 34 32 58 49 62 77 27 76 65 29 43 71 90 4 100 35 71 29 68 31 3 96 47 60 73 87 61 84 80 47 44 86 70 20 55 74 83 
26 98 83 52 96 50 27 21 16 76 56 70 11 79 6 39 72 7 14 82 100 21 45 35 100 5 88 47 15 89 66 30 2 84 64 45 32 96 58 69 67 16 6 42 38 48 62 76 98 95 20 25 96 6 18 68 37 96 41 77 46 82 21 76 
97 87 88 76 33 100 36 82 36 56 74 63 77 82 88 14 89 100 4 87 84 34 43 88 82 9 18 80 79 9 18 47 99 90 17 12 18 62 26 5 32 56 33 6 18 23 67 77 21 15 98 73 46 98 72 82 18 82 48 51 29 22 6 58 
51 7 30 95 46 18 27 86 96 65 27 63 94 97 97 50 45 54 48 76 18 32 98 44 87 95 84 41 98 56 97 84 97 14 44 98 18 83 10 7 77 78 64 11 37 43 91 66 90 76 86 45 32 62 11 55 92 2 22 16 50 87 9 88 
56 42 23 56 30 58 92 85 69 38 12 64 4 13 54 43 61 15 25 86 59 47 20 50 1 15 26 8 76 1 97 56 2 85 33 11 39 89 91 99 51 68 98 5 55 84 97 75 5 48 58 26 70 34 89 98 65 6 58 98 20 46 49 74 
41 91 74 14 27 26 44 77 30 11 64 10 17 55 53 64 57 69 79 76 2 43 19 98 43 91 43 81 34 17 55 42 57 27 82 62 89 63 70 74 36 71 95 54 20 24 38 23 7 78 56 75 10 72 45 85 83 28 30 78 13 87 26 82 
56 48 98 58 74 25 91 83 25 56 12 36 95 51 8 33 34 37 51 91 18 20 1 27 68 84 41 10 18 67 55 84 29 84 53 48 50 72 81 8 37 96 5 67 52 85 46 24 54 27 11 7 29 76 56 93 55 90 63 80 28 4 25 24 
31 32 44 30 53 58 85 99 75 12 60 94 81 98 5 33 14 84 37 6 15 23 92 46 66 15 63 60 60 62 60 29 9 51 9 62 95 61 49 57 91 71 10 76 85 58 96 82 3 55 87 96 35 33 56 30 24 45 75 44 9 71 90 19 
39 24 7 98 87 35 80 30 25 15 6 51 46 49 96 5 83 18 80 10 13 53 61 64 86 9 12 24 71 11 95 47 34 47 6 35 98 86 80 40 84 36 15 5 69 67 73 32 78 47 27 99 77 49 73 67 32 81 35 6 26 95 100 83 
69 10 28 47 48 57 31 65 70 41 91 55 38 92 44 58 75 84 46 92 58 91 42 45 56 54 81 22 21 74 3 73 36 3 34 26 39 29 75 1 88 59 31 76 77 45 63 31 68 67 46 18 11 24 74 54 62 6 20 59 81 96 10 32 
83 92 87 44 89 36 63 39 99 90 36 99 91 55 98 96 8 83 16 19 47 91 70 11 5 49 29 38 52 41 65 55 60 63 25 38 22 82 57 4 93 1 35 82 39 94 77 44 65 70 50 72 28 64 48 65 84 96 72 45 15 74 36 50 
22 19 47 89 90 8 45 69 21 25 69 93 58 13 44 76 18 91 40 3 42 4 84 18 42 29 49 92 11 80 32 54 87 16 34 100 51 81 21 44 94 89 26 12 42 46 37 18 98 60 25 13 63 81 23 69 32 68 6 21 35 61 36 87 
53 38 45 77 33 24 51 49 17 2 19 98 27 32 2 81 69 20 58 13 79 26 89 97 35 34 88 68 50 91 22 76 11 77 12 66 93 20 82 54 72 79 90 81 57 35 37 87 5 62 43 46 54 11 83 47 52 87 62 85 3 25 37 35 
62 6 19 93 2 17 7 27 61 22 75 49 49 75 25 33 84 23 78 98 77 19 49 63 98 60 82 18 36 4 81 57 2 72 33 67 41 87 46 72 38 55 26 53 75 52 85 98 15 73 43 32 15 1 57 25 99 44 82 4 38 25 30 54 
15 37 96 41 71 47 17 36 62 34 73 44 22 99 23 33 10 29 43 42 55 89 79 69 34 50 30 100 54 17 66 33 77 80 67 73 62 15 90 32 11 10 20 55 45 74 95 95 66 49 25 56 27 78 20 43 38 43 99 61 19 51 22 93 
36 55 16 32 28 40 3 90 69 95 52 21 51 3 86 87 56 40 99 78 39 89 8 39 10 75 18 33 60 23 88 66 43 36 35 20 25 73 96 66 99 31 37 70 11 63 42 2 71 69 84 89 75 75 97 69 41 95 47 93 68 71 4 68 
46 85 82 42 96 28 56 3 9 26 70 60 62 14 63 6 9 93 74 75 88 54 88 78 40 48 40 3 26 55 12 60 36 69 78 40 93 39 45 84 7 19 64 68 20 18 99 53 71 59 87 81 64 64 59 23 61 69 84 39 88 90 36 87 
54 83 24 85 5 89 42 15 71 91 95 59 37 30 37 27 62 21 63 5 25 97 64 39 57 65 2 16 81 83 68 19 73 81 19 42 92 89 57 1 66 56 35 51 64 98 42 73 41 50 60 12 71 42 93 30 13 99 44 21 8 19 84 100 
38 69 65 86 76 72 84 83 45 5 8 26 58 57 49 27 43 85 27 74 56 81 99 55 83 87 94 21 30 1 59 37 9 97 34 100 85 44 15 55 16 76 11 3 94 16 55 77 83 66 26 55 18 75 75 19 81 51 56 39 5 34 37 47 
1 12 10 73 83 87 24 50 29 14 74 47 43 53 19 95 55 58 65 16 24 99 60 93 83 14 51 68 28 78 64 24 13 33 34 10 78 23 66 73 19 14 80 13 21 19 70 14 48 66 90 33 25 87 86 50 79 21 58 15 63 12 57 53 
35 14 43 14 24 2 85 55 38 95 31 15 63 26 37 89 17 5 16 27 49 51 71 48 50 65 36 90 4 85 58 62 16 16 50 41 54 32 60 31 71 36 19 92 27 8 89 40 84 91 88 6 58 100 58 10 54 79 81 91 100 61 44 58 
99 56 14 11 88 21 50 65 12 4 72 31 54 57 90 52 39 72 23 7 27 24 93 64 81 39 38 7 18 1 99 13 71 73 54 26 66 77 10 27 35 89 72 68 43 67 41 47 59 98 82 45 91 19 88 18 36 87 27 83 13 55 23 14 
84 12 7 3 91 63 58 26 83 93 36 69 66 60 69 17 100 34 6 93 4 39 35 2 47 17 78 48 25 79 30 24 6 37 41 1 10 34 49 80 8 37 17 67 95 27 57 14 52 96 30 85 65 74 51 46 75 89 31 58 43 80 98 46 
85 70 78 57 44 92 7 74 7 69 11 61 33 11 29 34 2 76 39 86 21 53 23 35 64 99 28 14 86 2 45 17 68 84 12 6 59 11 21 40 94 13 3 60 42 39 31 84 82 10 82 68 28 63 75 95 54 78 84 4 69 41 86 18 
55 51 23 21 28 11 80 39 19 94 25 39 25 31 6 77 6 50 24 48 68 21 92 40 97 50 55 24 77 54 38 83 2 57 75 85 54 98 48 60 29 99 13 45 25 13 17 80 97 92 14 58 44 27 60 42 21 59 58 73 81 47 87 34 
4 80 92 82 77 12 99 94 12 93 96 66 27 36 26 63 76 94 11 20 49 33 12 41 32 31 53 20 59 54 69 70 88 85 64 86 100 99 5 47 64 50 2 76 55 79 88 66 89 60 87 95 60 60 45 72 87 11 25 2 99 27 78 73 
28 94 68 18 13 2 92 4 89 79 40 51 28 98 96 69 50 14 38 11 13 62 32 89 58 98 58 75 31 73 75 15 31 6 75 8 42 51 85 42 3 7 98 54 2 40 60 90 95 27 66 81 67 10 72 80 93 87 27 85 22 22 52 14 
57 65 4 55 47 44 69 58 60 97 93 87 51 94 74 23 28 81 7 1 35 60 36 73 78 55 75 29 98 97 42 46 1 71 13 30 95 68 41 61 92 19 98 49 4 93 100 20 81 26 26 46 22 34 28 80 27 64 10 37 77 38 26 23 
27 96 30 18 45 52 46 81 9 33 36 27 47 3 77 62 91 38 96 26 89 24 21 77 58 18 49 96 4 94 64 32 62 90 59 44 15 87 27 45 44 22 54 18 86 39 99 65 11 58 87 82 72 61 88 88 75 43 38 30 26 16 60 11 
27 93 6 29 38 31 79 57 37 18 24 29 57 66 70 51 81 92 54 90 6 31 45 67 57 87 52 4 55 100 17 80 67 18 100 91 20 11 9 50 71 89 48 81 7 14 34 65 59 96 99 15 50 8 18 81 69 11 35 49 30 8 83 88 
45 42 50 95 4 11 26 11 86 87 29 89 56 34 11 40 54 33 48 3 4 52 8 38 83 90 87 87 4 17 44 73 67 34 9 54 82 36 14 37 29 33 71 91 50 88 98 27 78 38 60 45 14 96 88 71 80 31 34 16 99 61 47 45 
65 4 54 66 98 44 93 90 34 29 81 54 36 12 53 27 48 39 63 40 10 38 16 91 3 41 76 97 7 5 58 4 30 98 24 23 91 68 56 58 3 82 59 37 33 88 31 76 81 81 95 65 60 2 8 68 20 73 15 44 41 11 9 26 
54 61 1 60 89 98 90 60 61 75 23 52 86 14 40 1 48 40 80 72 88 9 83 33 7 64 85 87 12 6 91 87 87 100 51 76 79 3 30 45 69 77 52 55 61 33 21 98 1 64 80 64 88 38 23 69 13 33 98 53 59 51 90 31 
18 20 1 16 41 65 35 54 90 54 57 30 28 54 45 7 56 65 72 20 40 47 29 14 51 41 56 45 78 99 83 92 64 92 97 22 87 61 65 94 48 99 29 11 13 8 12 13 100 27 6 25 79 20 82 1 13 6 86 79 44 32 28 91 
46 61 27 6 89 22 59 64 16 71 11 35 93 45 37 49 55 4 3 52 49 74 84 10 77 39 90 86 4 43 3 16 63 33 62 46 21 91 9 90 89 54 38 9 41 66 59 70 97 18 36 92 68 59 82 96 89 3 62 62 35 78 51 38 
52 14 81 73 69 63 79 7 89 70 91 53 76 1 26 51 1 17 4 62 79 34 66 96 37 23 7 100 25 62 14 99 27 30 44 30 24 57 5 48 93 64 79 41 88 67 41 82 29 27 4 54 83 93 4 72 81 5 71 94 79 85 42 2 
19 38 47 53 55 86 93 52 84 47 46 22 93 94 100 87 72 21 98 49 1 43 1 55 4 41 84 5 77 5 97 25 76 62 52 70 75 32 88 81 61 72 18 67 63 65 35 13 5 33 51 59 47 75 37 82 81 6 80 62 12 74 43 63 
63 93 87 93 42 77 93 89 68 32 93 26 46 20 78 8 90 73 72 27 45 87 52 34 58 3 43 24 80 96 85 14 35 68 39 29 69 63 10 29 67 11 44 25 65 53 76 29 10 36 47 41 25 18 18 72 42 41 28 99 43 88 18 95 
9 47 66 90 97 85 78 30 4 37 43 14 58 37 62 93 94 43 55 60 90 4 33 9 47 93 15 65 9 13 10 32 76 59 92 100 77 38 36 29 6 49 92 99 43 56 13 93 45 61 48 15 1 88 26 30 39 61 81 70 72 93 46 8 
92 4 48 29 61 80 99 43 57 30 86 85 93 39 23 34 74 1 29 95 94 78 87 75 72 13 28 90 46 18 86 75 26 88 42 51 55 9 57 72 59 7 96 76 90 10 57 77 32 46 88 73 4 74 90 14 30 47 53 7 70 44 68 93 
0.4244434887836026 0.153285832429717 0.04658316038213145 0.8935045541328377 0.40773812110794777 0.5977689198459804 0.25033978777538357 0.6684214217422924 0.5020946115293401 0.8066938318574064 0.5239226293166851 0.326509987898637 0.6520002290973558 0.5126024078402414 0.6308719972270067 0.3005840089962329 0.7009939764264905 0.5436926289531916 0.5918523895425833 0.3796124612097676 0.3989424571228948 0.6272920596445032 0.19884245277113893 0.496653727769678 0.7576509170811243 0.34529312736852913 0.5210175147397935 0.25132751908995077 0.7398537694206491 0.626771058031834 0.2974685003945646 0.2814000425297122 0.11015004289858576 0.4009568324820602 0.5856819626135437 0.4868474416890519 0.5582587302754771 0.5776319302294148 0.4820793833832487 0.9477264676574275 0.6283722569857253 0.6764197538367026 0.8815263773197988 0.6632192043894466 0.778043172101768 0.1489626002251616 0.8824484475940186 0.6378434734923335 0.4242374755252127 0.11450216231961075 0.8620440755778178 0.8816157975219006 0.7360907682849306 0.3930820304862038 0.7187081015761106 0.24737509923980916 0.547704980216247 0.6570316321912466 0.8514997998731405 0.8313057388049707 0.621296099579121 0.8263929212620805 0.4318219445499403 0.3225596643544645 
0.153285832429717 0.894571343257076 0.6454385516429857 0.6411208487177363 0.3200874949302073 0.3055948898059152 0.4561307670721704 0.6149768982641612 0.3132689314748639 0.4597739720830198 0.35555212963483146 0.42761474026133284 0.29552120009931937 0.2500556181499779 0.3666694301919306 0.29638348175149576 0.7171937224207541 0.4035890761376859 0.32277463965270103 0.34433298751696395 0.3020945236102228 0.692636142483757 0.36529614190676135 0.8068801244226664 0.11090925185376171 0.3944200702164491 0.5533787408204011 0.18318394959522089 0.8529883393741093 0.2057116863011605 0.2910617880545076 0.3367529233545724 0.3843135096904738 0.21435145267615163 0.6956638254294351 0.8563853504027787 0.5277658115498355 0.4691549048207447 0.6618013290256057 0.8012742248049839 0.8722972699620494 0.5779825861216639 0.5604069237052629 0.7467460633572722 0.8510854852758194 0.6828388702290236 0.4630041181239936 0.888125601187959 0.484894000453474 0.3298538347989709 0.6271583306908486 0.15315482349960335 0.26830802603359444 0.2754983172019867 0.4750000584862233 0.5819462271812248 0.5373507596932139 0.2769597850570932 0.19177919574754415 0.2837584662692742 0.7878728546579233 0.6231346550843331 0.4332689384690169 0.8622363300033224 
0.04658316038213145 0.6454385516429857 0.7057143731615202 0.353231504393459 0.5086471551013246 0.43872197382380673 0.45475479074405445 0.4836863050782372 0.45184796876411665 0.39650922832797264 0.821539424190406 0.4977954942018683 0.22626669210395173 0.3944975745843617 0.71430375473283 0.5827873714703845 0.200386827712559 0.3753443484036337 0.4474938656953437 0.09804730782828419 0.1786980277433513 0.7050620827354085 0.5018175803307533 0.6612864197283288 0.5521691465198506 0.3796113683561332 0.5738584627251165 0.6686917294657742 0.3547723962127016 0.9733502125346816 0.21459822531932543 0.43475396404598726 0.49681906559716793 0.4678545119003653 0.38761381859399624 0.3585403531511162 0.5298940451483387 0.38064575537046574 0.8034757764871227 0.2625506329634316 0.36714296868002416 0.5509884377867816 0.8984426743257671 0.6104778581326558 0.43973280549575 0.7519950585031152 0.5272798189280938 0.4764958476506295 0.5672936847915886 0.7711416510613351 0.460644752631038 0.8264512565342539 0.2683413234920186 0.29858405345262484 0.5544328876965219 0.5965221357145711 0.549792805598231 0.30333078072618397 0.19526842366504282 0.2780313502330755 0.30156163499926564 0.40602170942065774 0.21349773192915217 0.48607324853236494 
0.8935045541328377 0.6411208487177363 0.353231504393459 0.39926735985161066 0.16133809561131662 0.257525011010519 0.12991721191302796 0.6185353178135198 0.5364934103506458 0.36945833760128005 0.6286076678227475 0.05544804315877677 0.21083013132510647 0.5873741550016769 0.40707826086114557 0.24373021815359647 0.558802944403247 0.03255648701763875 0.6552507039168758 0.4577538741329881 0.7191250298992757 0.491169403609006 0.6786570428194917 0.8992760255698802 0.5532037161413501 0.7864932704459511 0.6360766161413143 0.6139459562069026 0.24417378786724336 0.1715966669688671 0.5667368510934446 0.4786967890189259 0.5101717341201126 0.23512340663743692 0.629464115826037 0.20801177292929074 0.4345893272653445 0.5951870803434122 0.5933224354197124 0.2535119094921428 0.7822845998816236 0.20214287263669883 0.6889817747279781 0.10712059121631273 0.7639070253820056 0.46276798701774874 0.2900207080998643 0.4117554264212233 0.5831043740150605 0.6995788451404905 0.11705232234325857 0.46898876884827423 0.6973166444287612 0.1281634509064688 0.36719908575812754 0.50078188295326 0.4701342777671352 0.8729936131398517 0.5122364182475596 0.17572784492971283 0.5000044856673245 0.43636151689485203 0.7546923849601707 0.5694365548754406 
0.40773812110794777 0.3200874949302073 0.5086471551013246 0.16133809561131662 0.7487100012307898 0.855159574368132 0.8515487968518094 0.6068539326528518 0.23810605092724246 0.6134982497549093 0.7970910476990369 0.7226972377827445 0.881475150040219 0.293124294794319 0.6204666800437308 0.7324217394585315 0.6695697576022728 0.295513329636224 0.4828386853593643 0.2555135306769291 0.05865126789637659 0.16594586982387877 0.5691748229690133 0.2509580192709789 0.7583408297054283 0.5298357239733069 0.17373858027661265 0.47176679270432137 0.3304971121585665 0.2666396701778905 0.20621649532591446 0.45891649388879924 0.5405771199238834 0.44084679471101534 0.9068082714207428 0.709708422604933 0.38087190814645433 0.5084940212238607 0.32192851891523405 0.26622578743983755 0.5126570474262813 0.10984051333194883 0.393744775763287 0.5225237872487849 0.3836531975296902 0.49849798529553485 0.43470899326531304 0.07144825331251742 0.4113867661804461 0.43322209315946314 0.7084217364259507 0.7058016269902865 0.5773591058558646 0.2399793140501833 0.6887388590277939 0.44266655745196215 0.7636336499092217 0.17337959618430887 0.14228122541412597 0.7896506907276981 0.691825095037387 0.8753115375969418 0.28518489534727093 0.9196910348747336 
0.5977689198459804 0.3055948898059152 0.43872197382380673 0.257525011010519 0.855159574368132 0.16531362900453028 0.8658864210622051 0.48610559391342545 0.54073549487508 0.3815215010871379 0.5179495392326634 0.5055424793715292 0.5372930857848479 0.23552874414399766 0.7153322158540592 0.3190108240176363 0.19249563441882273 0.22215540649696014 0.47041314888906105 0.6494277777296391 0.6720508679219488 0.6691609948024619 0.3434421343374394 0.46544432851405965 0.45351399526009756 0.5039438462499278 0.6003204893700333 0.22462375401257795 0.8145067060257806 0.37417687771850894 0.24778396388032947 0.694202170691218 0.3318977151929302 0.5763896983238248 0.3635237625981675 0.46776628888363087 0.23507087189429382 0.18672335721833233 0.6782551595029127 0.7350229834934048 0.8103229891035821 0.5932244438874518 0.6475109611505534 0.7287618397404949 0.4870471480242193 0.7806602299375629 0.5436480799003888 0.871675438148999 0.7712055405449934 0.7373918511672019 0.2983570754449394 0.1482199988898572 0.06435395798615179 0.50169673554507 0.5822046848998547 0.6709191833416622 0.1833670028606047 0.6307966492734403 0.523868886054363 0.16971335320956565 0.5447895190337276 0.4017062951540606 0.2167979675249439 0.7250229893157336 
0.25033978777538357 0.4561307670721704 0.45475479074405445 0.12991721191302796 0.8515487968518094 0.8658864210622051 0.0563859529245927 0.5604174736725027 0.4102038576206601 0.1689319081142026 0.7741094699126106 0.41116524764203166 0.38624728548297416 0.6706462036694281 0.8299258902342225 0.4430048488303185 0.5418046952230884 0.3065794034336093 0.3904891439748526 0.44563475394348295 0.7512832646172782 0.32919679622067716 0.7668005027202711 0.3962544647925655 0.604026403775894 0.6807592661853901 0.6727873480993443 0.33334574425359015 0.22202495029170505 0.5328217246907683 0.4558111190122907 0.7857044610391635 0.44930378225502055 0.30863576681828664 0.7448277958912088 0.2876861803761503 0.6169481064862496 0.6742307098357637 0.29365338382194356 0.7885738877290043 0.120981084372915 0.20304038287590287 0.6153965267283612 0.670366704351079 0.4777689106366051 0.6870796281809405 0.579015923201406 0.510482954262332 0.4856749587302067 0.7574662390722764 0.23386158144189012 0.5139469897385481 0.5061364427746338 0.441335231441608 0.28324308612705895 0.21119213689285044 0.9281105782505381 0.5700387908341188 0.5085602023778053 0.6031848967044977 0.6696060458326969 0.8818411074045516 0.4864264029616308 0.24267745377401517 
0.6684214217422924 0.6149768982641612 0.4836863050782372 0.6185353178135198 0.6068539326528518 0.48610559391342545 0.5604174736725027 0.8363689036769776 0.9141385309862557 0.8664684196762874 0.3895110566936818 0.5236002995040588 0.699509374366837 0.46376311785595314 0.3098414495342989 0.5033503259496765 0.40523537287526135 0.4730950167519804 0.5968119220311606 0.4547015412660329 0.7071081796072449 0.608214600321348 0.29811856639340084 0.49975759785184526 0.6182885319017254 0.44280584889776564 0.5672691227618778 0.3412771144304192 0.418633328486583 0.5808452311543504 0.8091394250537569 0.39435592104314154 0.852670266099014 0.4895116439377939 0.6075924889841715 0.6123087157267393 0.7413708204224349 0.7715158991528939 0.35764448294991374 0.549420095321687 0.5618325929470059 0.08583684742859171 0.5892556419972388 0.31948408297184727 0.136395580315595 0.6060096395636011 0.34855494707541557 0.6577739508229463 0.5073877906877753 0.6523719460050499 0.4800306560357896 0.30643438601263023 0.3965105007774181 0.49730383022886976 0.4560671542909195 0.4046654459393009 0.4168183946582554 0.7097359119981506 0.545892437942814 0.5224050604702675 0.21336950284085582 0.5365831975988828 0.665325275090206 0.3171716200976008 
0.5020946115293401 0.3132689314748639 0.45184796876411665 0.5364934103506458 0.23810605092724246 0.54073549487508 0.4102038576206601 0.9141385309862557 0.14964805882828702 0.27928249674589295 0.276366680570979 0.30969069833362106 0.3881990510041285 0.3098908396922663 0.26313885175102947 0.296297331615355 0.24070703111498987 0.7025213059134859 0.43356396661940905 0.6360472314510033 0.319153548108486 0.41108768293501685 0.3962582847648606 0.359084493505559 0.7376380249294101 0.3296358703927726 0.4890350018085699 0.3115626365015779 0.5971113705026891 0.40315180115004245 0.40306717682463694 0.6789127517096176 0.13187941483515397 0.44530470914219894 0.7781374579431583 0.6788213459543366 0.7205997681933709 0.28384405507268573 0.546631969294487 0.507044672324864 0.6711164389221695 0.7696811613248813 0.14880696280103606 0.5610073107031626 0.574438024286499 0.6506559199994961 0.8659922946927192 0.8059328557007843 0.6563505622838938 0.48268626582775304 0.5053770058364769 0.39955986158140133 0.383491609619158 0.6946422723940677 0.6164768259084543 0.6890643449947595 0.3281379485026778 0.3165279055223357 0.37517663101001597 0.698829063590596 0.7159352123209446 0.6857244413065672 0.33069172489386384 0.3366716196519995 
0.8066938318574064 0.4597739720830198 0.39650922832797264 0.36945833760128005 0.6134982497549093 0.3815215010871379 0.1689319081142026 0.8664684196762874 0.27928249674589295 0.4904227464599049 0.5868259202386543 0.6578333437440345 0.42852364699494205 0.9592747595008309 0.26528417370114493 0.6235947484408029 0.43242136254488933 0.46716680984736186 0.7690368731115818 0.17857537437744342 0.7222096426089069 0.709238732807328 0.5533804435207901 0.5821140877496932 0.2564591345324688 0.7457500252649365 0.6325470146771628 0.46948984576854635 0.39540058306312514 0.48309226378809206 0.7167951949899876 0.8403929138606336 0.41051069105685123 0.7400727969758287 0.22167806832249137 0.5769446193594234 0.39507254114504087 0.497429362857585 0.6137748586636306 0.7488590543968658 0.36384453757800783 0.7556871038158852 0.4529753217412477 0.37162644722799426 0.5229451430615057 0.27786985559333116 0.3197695854675824 0.6182446801158584 0.4442720278001792 0.46871158388629236 0.2518337122674973 0.6326333008267296 0.7096941757309223 0.39995085282534737 0.6429633458389556 0.5535688447750116 0.5085093192667022 0.3791400673000992 0.46181407223885645 0.4775002151328293 0.4928662014062311 0.6613889839710574 0.40232104604377567 0.8907521186389622 
0.5239226293166851 0.35555212963483146 0.821539424190406 0.6286076678227475 0.7970910476990369 0.5179495392326634 0.7741094699126106 0.3895110566936818 0.276366680570979 0.5868259202386543 0.7944266181512359 0.5835407104025347 0.20824943625386427 0.9236245565906234 0.8150010774344798 0.6363503927412739 0.9292376241601492 0.33357645865886787 0.8714741279076854 0.5479399249415507 0.6149603781781328 0.7429001837195911 0.418496256784368 0.8094607731724655 0.3320719234248152 0.2891252214838081 0.6314038074102963 0.6269916110354766 0.5065248860177608 0.5725497391480954 0.7000789818722564 0.15004241611679375 0.45938790830139264 0.43035490332013404 0.02048321091749522 0.30525443755153614 0.12055495673755495 0.36157858557242945 0.38801229610347276 0.6368514556003309 0.2983795891685693 0.6014769552626129 0.5875568224851422 0.574394226607651 0.2943625721608906 0.588275934091513 0.4214734793918605 0.2222588487241312 0.7242722500419647 0.5954164895472118 0.4608133201287705 0.0537682702258126 0.37051401131920886 0.390947790575815 0.5255787175181734 0.4392660816472249 0.5752376003874965 0.6580648099737576 0.41701840065660034 0.5391637630650866 0.4555774726911038 0.3225880540157208 0.14363992233124068 0.16176434293269043 
0.326509987898637 0.42761474026133284 0.4977954942018683 0.05544804315877677 0.7226972377827445 0.5055424793715292 0.41116524764203166 0.5236002995040588 0.30969069833362106 0.6578333437440345 0.5835407104025347 0.8009017760116329 0.596789490961274 0.5452104121922545 0.10891439196923464 0.25901373586872445 0.4643454923738064 0.6112343487872446 0.16831140687208584 0.29335736040061616 0.47258508791467835 0.34773218036693154 0.13241869517944793 0.2541657091497205 0.4392868763889761 0.49937429339995626 0.6785659928716345 0.49575740902382376 0.8252473749591889 0.612613600060554 0.48087243590046475 0.12841012315569317 0.5929973981575765 0.3032368748842221 0.4437286743290833 0.28833777063177435 0.4098084173896368 0.6188005704478373 0.44572759866383066 0.4876783368612375 0.29851215800475456 0.7889567574626037 0.30103330325573424 0.6808569837229619 0.7558931190918667 0.07698217840561239 0.5615514542041662 0.5498163366880582 0.23392789910923117 0.3421662724370185 0.13175811190036396 0.8295552968771934 0.5238116742722526 0.5181683657571434 0.4779715720512885 0.8541365741757464 0.17086983044205428 0.6524466078601572 0.10368730912086521 0.3856263685884939 0.6767407980670499 0.04282001495316651 0.47995629385207117 0.8779746115201754 
0.6520002290973558 0.29552120009931937 0.22626669210395173 0.21083013132510647 0.881475150040219 0.5372930857848479 0.38624728548297416 0.699509374366837 0.3881990510041285 0.42852364699494205 0.20824943625386427 0.596789490961274 0.49317731680136434 0.5780775155226534 0.7238113075402097 0.49657733103378054 0.2120328747590874 0.6026003560774886 0.5438798620721286 0.7916551644577337 0.2305054986438208 0.3959510692889772 0.3457116248598525 0.412539953183598 0.5913145781024166 0.4995618901078883 0.6442956252283223 0.10067893771890657 0.2215664683498042 0.15927977738818205 0.2519851597945845 0.5342311167526512 0.45870985525344454 0.5376289921422241 0.4981650594455971 0.4465298098027049 0.6318075369476366 0.66961367063247 0.4381571759680155 0.3327847317429503 0.9283947188415889 0.6047749087799744 0.40115456733788046 0.7433781942888555 0.4730960548288796 0.2528106187958107 0.7486433097931572 0.3275851533148384 0.4297392462087149 0.7437945173857252 0.472305105319471 0.5052946614580665 0.36555750192758885 0.8600491843794154 0.8870915485699236 0.6684603215263625 0.6645342368368908 0.6875972762072619 0.46361641253762975 0.44609890152235815 0.05770639508145664 0.25080973599678374 0.4231599879443081 0.368064151238514 
0.5126024078402414 0.2500556181499779 0.3944975745843617 0.5873741550016769 0.293124294794319 0.23552874414399766 0.6706462036694281 0.46376311785595314 0.3098908396922663 0.9592747595008309 0.9236245565906234 0.5452104121922545 0.5780775155226534 0.37335271142652515 0.26780876433400835 0.389973663512745 0.4564329097434799 0.020774396127870576 0.4988663218164139 0.6227815230869584 0.370358567416777 0.3617829185380908 0.7412019881936043 0.5419426247351169 0.5417096354564961 0.5934509905645409 0.3814596179170993 0.3249164974526138 0.31806452550701425 0.56162587877342 0.7792957822000367 0.49215010292888767 0.6262588720031206 0.22827782261490254 0.2436446073825997 0.1953978197158147 0.7764987660213292 0.7013500770959082 0.7794895733927321 0.42588476468823816 0.18955528662675564 0.44230411065058817 0.358830370245109 0.34317388507577085 0.620590184577191 0.5895730173613531 0.3298314304420534 0.5462504588736765 0.8187815780694041 0.4833003523598526 0.5863210245005914 0.2918823488110222 0.7124385611798216 0.41733078474303187 0.4512013298387359 0.7585056343300725 0.48233375058439965 0.5403220154700306 0.2250120298128458 0.7027000163203476 0.612707412059923 0.45078328879852253 0.7891676531263203 0.6462124319384559 
0.6308719972270067 0.3666694301919306 0.71430375473283 0.40707826086114557 0.6204666800437308 0.7153322158540592 0.8299258902342225 0.3098414495342989 0.26313885175102947 0.26528417370114493 0.8150010774344798 0.10891439196923464 0.7238113075402097 0.26780876433400835 0.9017273449116252 0.608959201862402 0.22558687445802328 0.7822184255245752 0.5324549478826652 0.4947449130887747 0.4284932964683972 0.5147798361091933 0.12621887888179145 0.9844784227211498 0.1545964293045607 0.5313408179098821 0.18331339710508787 0.4451482233312847 0.7260409355331957 0.43530450374788837 0.7647344616606797 0.22736011976821419 0.6853358564698953 0.12655721018617339 0.328732922615367 0.5884615857280686 0.7047178943041921 0.0902177176821703 0.20320951525416864 0.7282470213726244 0.8617372892163271 0.4046602134157265 0.7027757512999946 0.2721284207736695 0.7152974538171263 0.5759261711373813 0.4875870068364236 0.06694138925385396 0.49802742275412365 0.47651516963256885 0.7134283976162501 0.3269422198530175 0.5542111821555558 0.7420011128241332 0.6323246325574823 0.19084132137454235 0.8928844869990533 0.5409273869230622 0.5117719393942899 0.8448834295499642 0.4097647678857275 0.29704489044339233 0.6412140973833653 0.45731009241097953 
0.3005840089962329 0.29638348175149576 0.5827873714703845 0.24373021815359647 0.7324217394585315 0.3190108240176363 0.4430048488303185 0.5033503259496765 0.296297331615355 0.6235947484408029 0.6363503927412739 0.25901373586872445 0.49657733103378054 0.389973663512745 0.608959201862402 0.7473230388685018 0.536362668660795 0.743440468557451 0.8931645057052942 0.5882713321507961 0.5682912868989419 0.6233019215302623 0.6882673198855948 0.4706900532485499 0.6155311675515791 0.39962554129024874 0.48600741919785434 0.7561032123580913 0.2481459732632454 0.7834870927579207 0.7220877168013458 0.4046038324989299 0.6031510985339437 0.4633116125680614 0.48436234663180044 0.18738152865728486 0.5914600195274919 0.46655857184790456 0.42741676234733156 0.48275431579076916 0.40875533214012255 0.20923227484649326 0.15933299957692215 0.6007042603280649 0.46389679943503914 0.4852177300322409 0.41253061021541215 0.2652550082891524 0.644545421881156 0.43474950893810277 0.3820198863741639 0.5305256540510243 0.3323692865659995 0.12724448675664196 0.23403727094910404 0.47951081628979325 0.48065757245654683 0.5756531415697926 0.4837598509956191 0.5836378935360271 0.47256107660048624 0.4125646693444873 0.5209466223144887 0.5806265070140482 
0.7009939764264905 0.7171937224207541 0.200386827712559 0.558802944403247 0.6695697576022728 0.19249563441882273 0.5418046952230884 0.40523537287526135 0.24070703111498987 0.43242136254488933 0.9292376241601492 0.4643454923738064 0.2120328747590874 0.4564329097434799 0.22558687445802328 0.536362668660795 0.7592275822490632 0.5102970915807218 0.33802797887229163 0.477605872290419 0.5343159039629517 0.31438001891565176 0.4647080358199609 0.5544417372823005 0.5290063146048101 0.9304953461824711 0.19291666213646674 0.2849311566988722 0.5889119210547711 0.5529066256505136 0.29295001394935327 0.715588638387882 0.2961524419447571 0.6279452713119449 0.5170319489529471 0.4255165507108693 0.26942460587403444 0.6383556210283035 0.4109665919288906 0.25243061647022047 0.06431111190697586 0.7137038778354099 0.9847144410366695 0.7599194547362427 0.7564813109797288 0.6553027076569875 0.47808162935119525 0.33464602882498445 0.729879481375887 0.7200221782558085 0.6711472247729415 0.3173464841985348 0.27628415114820515 0.7096368456480426 0.571214450218027 0.3892514915355882 0.7726379524981623 0.4704414789606852 0.0906969203472332 0.45758391588978437 0.17535701013790234 0.30399463081377603 0.5742596826183974 0.5514605444490748 
0.5436926289531916 0.4035890761376859 0.3753443484036337 0.03255648701763875 0.295513329636224 0.22215540649696014 0.3065794034336093 0.4730950167519804 0.7025213059134859 0.46716680984736186 0.33357645865886787 0.6112343487872446 0.6026003560774886 0.020774396127870576 0.7822184255245752 0.743440468557451 0.5102970915807218 0.671941313615218 0.4159673568827483 0.20335692325395333 0.061370044493691434 0.46598038518579515 0.12065415569271615 0.5056776121316653 0.8805927214401261 0.5743413421023267 0.7912962756368693 0.3763527271938579 0.3099549013789618 0.5740430560538341 0.25933207749822806 0.5049250685560971 0.3881991520748424 0.4401143066130042 0.6407158456696722 0.760030354452083 0.9112429808439355 0.18878961949812267 0.7065362183481363 0.49228718356835394 0.863126340928837 0.44782807660645746 0.42757804693681123 0.25057352337606226 0.47253550403709776 0.8597013479058482 0.061035094514917676 0.09294996466297467 0.36729500569636325 0.45135323248451736 0.3985246782179939 0.4924403336427515 0.7670100781736342 0.5207777352301104 0.2677109458596688 0.5697485156189379 0.5414545185913862 0.500870182410565 0.17552886590006783 0.16948108857503302 0.5779316833022309 0.3484106111505373 0.15831264169992143 0.53564634284219 
0.5918523895425833 0.32277463965270103 0.4474938656953437 0.6552507039168758 0.4828386853593643 0.47041314888906105 0.3904891439748526 0.5968119220311606 0.43356396661940905 0.7690368731115818 0.8714741279076854 0.16831140687208584 0.5438798620721286 0.4988663218164139 0.5324549478826652 0.8931645057052942 0.33802797887229163 0.4159673568827483 0.8975656620259892 0.7105532301017533 0.4883363607060696 0.5413455544977008 0.8202955344649399 0.3910582172582088 0.4090377242740202 0.6192896710822734 0.5019117798719372 0.5754654379486437 0.490317893556753 0.19181479253025846 0.3428126031296923 0.4602851110762261 0.11833502944620328 0.8752840347508062 0.5484686935934537 0.34818671955117664 0.3208119991513732 0.779415118836031 0.28328670410366136 0.4944382368618462 0.23942553736339778 0.12016418715635141 0.4792765901097629 0.5369597050631816 0.4969724070377546 0.5020740357881208 0.4630100238388684 0.3071348045130444 0.323790655891268 0.8428348818566598 0.40839795171114684 0.7942903146287263 0.31234314953025255 0.6403945044807839 0.5615514841253304 0.6326907738347289 0.5557681680074482 0.4310108090231733 0.2873917870559966 0.4786830561170393 0.46494788528716574 0.584947615312766 0.4356787590937913 0.4377078948235738 
0.3796124612097676 0.34433298751696395 0.09804730782828419 0.4577538741329881 0.2555135306769291 0.6494277777296391 0.44563475394348295 0.4547015412660329 0.6360472314510033 0.17857537437744342 0.5479399249415507 0.29335736040061616 0.7916551644577337 0.6227815230869584 0.4947449130887747 0.5882713321507961 0.477605872290419 0.20335692325395333 0.7105532301017533 0.40683002936953394 0.6095035141795666 0.3492464934143724 0.4406026938566562 0.6112353954860703 0.2542309080952714 0.5185221538393636 0.2857934644740919 0.23262288365659434 0.6087283543221 0.6872357480135605 0.24655873260385047 0.040685848428378024 0.5743792111955592 0.4286358989759209 0.8604249348566706 0.6308969073476388 0.442924651445252 0.8288566675584861 0.5422715095061321 0.7471621281400548 0.3135577899996878 0.687557246439843 0.22084953713972216 0.6366136657105432 0.4950882582959785 0.29030121695884625 0.5538570747637861 0.41876164924962356 0.8407397972782865 0.282916870495767 0.19697856462142022 0.6219044200075228 0.8000235771866464 0.18258900456005106 0.7977361073032128 0.2994958205548929 0.5530771523421141 0.7073361957383442 0.6731376291368831 0.33542375425194865 0.2400784147466461 0.6357243260941219 0.6477583610655889 0.199198359892384 
0.3989424571228948 0.3020945236102228 0.1786980277433513 0.7191250298992757 0.05865126789637659 0.6720508679219488 0.7512832646172782 0.7071081796072449 0.319153548108486 0.7222096426089069 0.6149603781781328 0.47258508791467835 0.2305054986438208 0.370358567416777 0.4284932964683972 0.5682912868989419 0.5343159039629517 0.061370044493691434 0.4883363607060696 0.6095035141795666 0.5306060739288736 0.49553320486727165 0.5058734813618825 0.5733846801638982 0.3873122771375347 0.5950194739655775 0.5424981367247796 0.6035200025328964 0.3894348977738158 0.8071249598603301 0.30667891670684794 0.6445610176912366 0.5561467019228734 0.8453076629846534 0.6761368854280211 0.697753427967345 0.1901581187139898 0.5182291716115384 0.36614471965667167 0.7002623245694743 0.35820737330312324 0.36223179935152755 0.4808494388104326 0.6292352902956052 0.25816895947317786 0.29833956507865234 0.31688464165332975 0.8020109714014543 0.5103714700220064 0.7813854910653217 0.5336095676396069 0.5335245453255855 0.27991429696720704 0.6279530882690489 0.8511195634759781 0.40647055739568977 0.3757116892216839 0.33901049540056827 0.5589309586411981 0.7103647019754902 0.6267821287685138 0.3877487886956334 0.9064193740088824 0.276430962745588 
0.6272920596445032 0.692636142483757 0.7050620827354085 0.491169403609006 0.16594586982387877 0.6691609948024619 0.32919679622067716 0.608214600321348 0.41108768293501685 0.709238732807328 0.7429001837195911 0.34773218036693154 0.3959510692889772 0.3617829185380908 0.5147798361091933 0.6233019215302623 0.31438001891565176 0.46598038518579515 0.5413455544977008 0.3492464934143724 0.49553320486727165 0.15503454390053384 0.6484742233930396 0.2994606796782089 0.6672469409086381 0.5164017262261047 0.41496804154441436 0.4699191737802347 0.5810410041129244 0.3714900492938744 0.48294872915877246 0.4225794127197642 0.4373978076879143 0.21969725133449802 0.46485561729628216 0.7399807066241864 0.4804953511314521 0.43801199685457903 0.5241097772911372 0.5213530088187068 0.35684715118242183 0.49854160883806 0.4893889946851107 0.33558572652505314 0.693595239593737 0.24524195617038141 0.5123474321568436 0.6228516703404952 0.4319109310494004 0.5425426660131831 0.4523569046024609 0.6372553648175215 0.5231685835250751 0.5050166725048608 0.8951582759883182 0.5040078106112758 0.2908502013153052 0.6958417556488604 0.13915457576645907 0.5464768959208872 0.7404713980922836 0.2623097160338443 0.5996337482381819 0.3677914606485294 
