32
39 32 82 90 29 46 88 14 13 58 34 28 67 34 58 22 9 65 39 17 1 50 18 63 45 39 76 25 51 80 63 12 
10 78 93 43 23 17 54 15 40 13 1 11 95 40 95 51 45 71 67 11 59 18 7 100 4 64 47 23 98 76 68 85 
72 66 74 51 90 17 34 78 40 39 83 65 2 54 37 27 34 1 99 7 30 47 86 74 84 8 28 42 97 42 85 33 
99 10 44 79 38 63 44 9 73 23 97 59 34 31 38 36 83 77 93 85 67 44 51 38 82 87 95 94 58 3 5 27 
31 9 83 89 21 73 2 23 3 89 96 37 67 34 22 33 85 17 68 58 62 29 11 10 92 64 1 92 41 44 95 75 
2 32 81 58 44 34 47 46 56 9 74 48 11 97 52 32 53 49 5 27 53 74 79 87 52 35 53 4 16 97 8 89 
97 27 33 58 33 97 85 93 37 43 50 1 46 36 41 30 62 39 39 75 17 4 82 92 95 39 68 10 33 22 52 59 
66 97 34 73 97 34 88 14 98 85 7 67 29 20 81 63 16 32 2 78 48 12 13 70 78 50 79 7 17 9 54 17 
62 59 28 90 14 10 88 99 54 53 87 58 66 39 44 56 3 60 40 31 84 43 96 72 7 6 8 95 18 9 24 10 
11 41 17 70 57 62 46 39 7 77 36 39 17 88 18 22 92 36 31 25 8 40 15 73 78 80 92 3 60 25 78 5 
1 84 31 83 32 69 63 53 57 31 36 84 21 45 35 89 4 57 75 46 12 52 40 13 95 32 53 56 99 8 9 25 
54 78 98 19 37 41 48 88 53 67 69 63 20 65 58 81 14 25 6 37 63 1 19 16 63 78 96 99 98 16 81 23 
38 95 76 85 24 63 22 76 39 7 5 95 50 35 23 88 72 60 32 48 12 76 60 80 56 78 19 24 34 47 61 9 
100 93 42 9 63 36 64 74 80 44 54 90 56 46 64 70 57 32 15 18 82 8 9 24 89 45 49 13 76 85 6 42 
56 68 70 51 79 71 74 31 57 29 73 71 87 15 64 50 28 54 8 46 92 30 19 47 70 79 92 95 41 17 65 46 
12 22 37 72 54 34 69 61 94 37 98 15 53 82 93 39 37 51 29 45 12 89 22 23 6 43 37 77 98 4 47 100 
71 3 65 4 32 6 61 11 73 50 35 52 24 40 83 83 70 11 93 39 61 96 19 89 47 4 83 15 80 28 99 70 
70 88 38 19 29 76 9 52 52 74 3 32 74 17 63 13 46 46 99 88 8 21 87 53 65 94 53 4 36 75 44 100 
8 76 42 83 10 37 27 25 84 77 17 53 85 23 55 24 28 3 6 52 91 24 58 49 9 23 47 59 86 61 57 27 
96 75 11 65 99 49 1 82 18 62 56 35 71 27 49 35 55 92 44 59 11 100 43 12 5 86 78 2 2 55 8 63 
78 90 21 78 79 59 40 59 33 79 93 92 80 82 35 95 81 65 74 8 19 40 98 80 15 43 4 69 99 89 90 72 
18 18 22 80 98 48 35 96 52 89 71 87 23 4 38 11 20 57 67 1 60 4 87 73 18 81 9 11 9 93 12 78 
49 88 38 98 90 9 92 30 17 62 29 33 53 88 15 78 63 87 51 48 21 63 71 4 9 21 12 54 78 78 52 29 
67 77 3 1 45 83 87 12 40 82 28 31 74 16 89 93 45 4 55 1 10 5 51 9 20 11 15 97 87 57 97 19 
66 5 35 15 37 19 47 85 28 43 51 89 57 98 27 73 86 4 90 98 28 17 15 13 38 11 91 73 31 50 62 42 
64 82 12 23 35 22 87 59 42 28 54 5 50 69 19 14 15 72 41 14 17 55 64 7 22 90 75 54 21 85 63 97 
26 22 34 78 39 8 42 27 77 11 31 64 79 97 54 70 47 81 67 40 16 88 89 72 47 47 67 45 76 45 60 12 
36 46 67 44 81 16 45 54 42 1 8 32 20 92 30 96 96 5 22 26 52 22 17 97 42 3 45 21 1 100 53 3 
18 40 57 12 57 55 94 89 18 79 7 65 44 39 97 72 84 33 96 59 94 32 81 64 68 39 27 28 84 90 38 89 
19 97 27 23 98 37 82 88 72 90 52 31 3 70 77 61 41 27 56 4 26 21 52 38 46 32 30 93 62 37 11 88 
67 93 10 10 73 52 33 100 65 38 87 62 9 42 63 28 1 89 97 2 100 22 70 35 95 6 61 29 42 13 60 62 
36 28 51 58 100 84 2 46 28 11 81 93 84 37 21 69 85 18 76 92 90 39 6 87 90 91 67 97 28 11 30 6 
74 22 130 55 145 46 116 83 91 135 101 34 96 87 80 72 144 105 123 27 174 48 160 118 170 120 131 160 78 36 159 20 
22 192 145 35 89 121 50 98 41 188 96 107 120 127 152 45 102 141 94 60 50 72 151 77 157 89 81 146 142 33 57 160 
130 145 142 137 64 165 136 112 58 21 134 133 135 92 97 176 74 164 105 79 32 116 113 114 172 122 78 24 69 106 17 99 
55 35 137 188 91 87 128 72 50 67 19 112 52 93 143 93 74 101 45 39 86 15 37 80 88 67 52 118 58 116 133 96 
145 89 64 91 98 121 54 138 166 106 90 97 37 77 138 133 96 116 120 116 179 120 76 146 114 91 49 94 180 130 13 56 
46 121 165 87 121 140 175 82 32 60 142 147 75 38 27 133 117 104 127 147 105 143 119 90 12 61 156 117 120 149 57 166 
116 50 136 128 54 175 168 110 103 71 160 37 70 84 143 96 50 107 107 39 109 119 49 135 90 138 50 153 47 99 10 46 
83 98 112 72 138 82 110 58 44 137 157 136 122 92 58 80 161 79 89 111 138 83 168 56 105 103 83 106 74 61 29 114 
91 41 58 50 166 32 103 44 76 77 93 82 57 115 79 30 104 77 145 140 70 97 159 103 39 116 102 89 110 101 90 132 
135 188 21 67 106 60 71 137 77 170 97 144 85 31 111 90 91 100 132 63 121 166 102 104 46 60 103 23 154 167 49 96 
101 96 134 19 90 142 160 157 93 97 80 103 110 127 111 108 148 100 182 163 41 63 187 108 92 129 52 133 112 54 114 169 
34 107 133 112 97 147 37 136 82 144 103 178 170 134 76 91 22 107 108 160 66 81 152 59 148 63 175 95 14 56 126 68 
96 120 135 52 37 75 70 122 57 85 110 170 26 78 89 186 128 48 172 155 106 101 136 125 129 29 183 59 61 157 60 100 
87 127 92 93 77 38 84 92 115 31 127 134 78 92 75 164 165 92 57 71 94 100 100 74 171 57 23 107 80 113 87 160 
80 152 97 143 138 27 143 58 79 111 111 76 89 75 104 118 84 67 80 92 135 34 107 82 137 83 142 137 102 101 97 135 
72 45 176 93 133 133 96 80 30 90 108 91 186 164 118 66 152 107 58 113 105 170 92 88 116 54 83 97 176 101 97 49 
144 102 74 74 96 117 50 161 104 91 148 22 128 165 84 152 102 107 108 49 81 111 141 72 79 98 88 111 97 56 81 122 
105 141 164 101 116 104 107 79 77 100 100 107 48 92 67 107 107 152 112 88 88 124 90 54 27 105 96 54 180 99 91 86 
123 94 105 45 120 127 107 89 145 132 182 108 172 57 80 58 108 112 68 88 41 98 142 98 185 115 156 167 79 70 131 130 
27 60 79 39 116 147 39 111 140 63 163 160 155 71 92 113 49 88 88 112 125 122 113 103 145 97 109 141 169 75 153 119 
174 50 32 86 179 105 109 138 70 121 41 66 106 94 135 105 81 88 41 125 88 125 98 130 100 36 40 163 68 157 100 139 
48 72 116 15 120 143 119 83 97 166 63 81 101 100 34 170 111 124 98 122 125 78 71 141 55 103 77 63 117 33 130 124 
160 151 113 37 76 119 49 168 159 102 187 152 136 100 107 92 141 90 142 113 98 71 62 143 126 127 127 92 73 116 120 69 
118 77 114 80 146 90 135 56 103 104 108 59 125 74 82 88 72 54 98 103 130 141 143 4 126 67 164 137 180 136 124 159 
170 157 172 88 114 12 90 105 39 46 92 148 129 171 137 116 79 27 185 145 100 55 126 126 44 62 120 35 103 70 159 138 
120 89 122 67 91 61 138 103 116 60 129 63 29 57 83 54 98 105 115 97 36 103 127 67 62 78 110 18 129 127 68 112 
131 81 78 52 49 156 50 83 102 103 52 175 183 23 142 83 88 96 156 109 40 77 127 164 120 110 110 65 110 46 107 152 
160 146 24 118 94 117 153 106 89 23 133 95 59 107 137 97 111 54 167 141 163 63 92 137 35 18 65 34 26 84 118 43 
78 142 69 58 180 120 47 74 110 154 112 14 61 80 102 176 97 180 79 169 68 117 73 180 103 129 110 26 194 79 132 130 
36 33 106 116 130 149 99 61 101 167 54 56 157 113 101 101 56 99 70 75 157 33 116 136 70 127 46 84 79 130 85 32 
159 57 17 133 13 57 10 29 90 49 114 126 60 87 97 97 81 91 131 153 100 130 120 124 159 68 107 118 132 85 20 97 
20 160 99 96 56 166 46 114 132 96 169 68 100 160 135 49 122 86 130 119 139 124 69 159 138 112 152 43 130 32 97 166 