32 4.421258081825401 28.893190091430547 338 6038
95 44 50 50 14 60 99 52 18 93 80 46 42 92 53 69 12 62 82 47 3 92 39 54 42 92 12 66 48 82 71 10 
71 73 3 45 95 66 14 20 83 56 80 99 43 4 11 99 70 14 26 95 55 6 91 68 63 78 59 36 31 19 93 7 
77 62 12 29 31 14 66 97 50 97 44 27 86 10 52 22 50 68 79 71 42 73 20 31 31 63 85 16 24 80 79 71 
27 18 16 60 41 40 30 63 17 96 43 30 17 86 25 54 32 69 65 20 88 74 89 78 6 78 45 62 19 82 53 11 
81 76 38 9 3 28 32 19 36 90 55 66 96 44 74 91 5 51 43 48 85 46 64 68 73 54 44 24 79 59 31 91 
40 73 90 98 39 37 89 100 31 32 16 96 62 35 91 20 79 90 76 17 16 30 67 93 99 70 26 73 18 47 83 20 
28 41 9 33 6 71 45 66 54 43 21 33 31 95 65 67 40 73 60 53 16 8 2 90 98 16 61 62 63 25 40 5 
10 29 38 76 50 80 20 53 14 43 70 62 47 99 61 89 79 22 61 31 29 58 78 76 70 9 66 66 36 10 96 69 
69 84 88 39 60 5 12 39 85 15 29 26 51 52 79 31 49 15 29 36 52 70 39 24 54 89 61 26 9 67 85 34 
1 88 30 51 24 57 74 84 90 14 94 49 30 70 74 33 61 12 26 80 45 33 8 36 2 6 14 40 67 16 29 63 
44 85 13 38 30 97 17 50 91 6 29 61 48 97 38 18 1 13 86 88 42 24 74 26 7 91 82 85 51 90 4 17 
60 8 22 60 45 48 20 95 82 34 45 75 87 36 100 28 33 26 35 88 81 10 1 6 25 30 58 98 43 31 90 74 
15 26 65 27 68 29 78 39 76 11 19 99 51 10 87 74 9 13 92 99 96 27 59 97 23 64 16 46 89 95 50 2 
88 21 100 44 72 15 32 62 21 97 65 5 30 13 3 100 5 50 60 2 99 74 77 12 47 47 78 3 37 32 55 8 
12 78 93 30 5 28 38 31 82 2 78 34 50 25 27 19 15 1 70 81 70 31 49 10 83 88 27 42 64 22 78 35 
50 53 29 52 64 22 93 86 21 85 69 58 5 12 32 76 63 2 67 2 27 66 5 44 57 61 2 93 32 99 31 29 
38 51 70 55 21 54 8 57 44 80 12 32 36 85 17 4 69 20 77 40 64 53 65 16 48 67 67 52 48 19 9 36 
28 13 52 15 76 68 57 26 56 66 19 12 28 92 66 64 87 47 2 89 61 56 3 47 42 29 53 75 81 78 34 42 
39 3 43 14 14 37 42 19 61 72 39 37 38 16 36 22 23 25 46 19 70 52 30 3 67 68 85 42 62 54 29 79 
97 78 64 87 75 19 11 80 80 98 12 88 1 89 35 39 89 68 6 88 12 77 54 19 74 35 51 2 41 12 94 99 
86 90 58 29 8 23 55 71 18 61 94 2 87 66 51 4 18 38 23 65 32 42 34 77 83 88 81 32 71 81 76 80 
21 7 28 91 76 86 8 3 40 5 38 86 62 67 28 71 16 32 61 10 78 60 51 47 61 88 6 8 20 53 5 92 
99 73 98 40 46 62 8 100 38 77 46 82 30 34 41 24 90 58 67 34 10 8 61 21 38 94 76 15 40 36 31 83 
79 6 75 98 22 81 53 31 40 12 9 63 81 27 36 5 85 53 42 54 96 30 24 78 75 48 14 11 96 82 31 88 
8 46 40 12 39 51 74 13 40 55 66 92 23 33 56 97 90 49 90 17 85 91 8 8 31 8 23 64 97 38 99 38 
46 70 30 92 98 27 91 1 94 1 76 46 73 73 13 94 76 59 59 59 54 45 94 9 86 48 80 62 7 14 65 57 
33 45 43 70 1 50 69 31 14 11 12 83 67 16 7 95 92 2 22 45 47 53 91 45 66 69 14 64 92 72 28 96 
27 32 75 12 42 48 18 16 46 12 54 49 63 69 76 6 74 37 68 19 81 81 78 41 24 65 3 43 46 20 91 16 
94 96 95 74 28 40 86 49 17 79 97 59 7 3 80 33 78 40 33 94 40 43 94 9 71 1 99 85 27 84 8 32 
36 20 24 69 35 75 29 9 12 58 15 53 43 75 86 68 91 46 2 63 99 47 55 87 53 60 88 91 63 74 22 64 
76 57 89 21 86 15 25 81 83 30 84 72 72 15 32 23 60 20 65 32 43 90 95 24 89 13 35 66 56 36 11 41 
89 82 20 53 67 29 30 32 28 74 32 34 48 52 30 81 24 24 52 74 32 42 61 31 71 99 28 60 96 16 10 26 
0.5184190421102584 0.4697526921402505 0.2017441168744517 0.7823747450868977 0.3754590290683413 0.5793847608071665 0.39830348414489974 0.5715741011941653 0.3704778216645942 0.11690254020123692 0.8108014951133704 0.44131715147098965 0.503002845457179 0.39291406597522643 0.03935275317075548 0.8322450637772951 0.513673704082802 0.9014456114918015 0.5335545263030199 0.6517474594033952 0.7985964598667583 0.599326415873288 0.7385743362502319 0.5514906275470222 0.35841237854316854 0.32930717880098903 0.17279089019318306 0.20506707562098464 0.5382591058132051 0.4821187245264532 0.7615325328033828 0.9670829870694579 
0.4697526921402505 0.8560563795196422 0.15781201892162217 0.5556980271000918 0.5112440659075805 0.11933980571812841 0.6584151083462094 0.09752920069879373 0.4980942633165551 0.6396052628350448 0.7241464928917958 0.1607938297868965 0.5822423723599599 0.12006100990979879 0.4732740524681202 0.6452945047006207 0.6052082459189556 0.5916479782419842 0.3703703554485543 0.8007178262853887 0.17581168879197812 0.4759609581032092 0.24253085475873304 0.30810090583839345 0.40241471555044256 0.5659832720591427 0.4326519725581127 0.2517325119426239 0.6460018564995833 0.9861506790395292 0.2670629558968518 0.5398995515540985 
0.2017441168744517 0.15781201892162217 0.8937516808966068 0.27382949373236143 0.5716509592059651 0.7719153520602089 0.09640649775260796 0.6408563393654456 0.9595732263103208 0.5486095516237468 0.42799047102043436 0.2936264083024257 0.07366332726895553 0.45811939976614774 0.5431439361224459 0.2802991152538133 0.7119138575989611 0.47221336539181363 0.4097421822777217 0.3411231930173374 0.4905797675930474 0.2288655415547189 0.5179726038860049 0.6267407108665526 0.4776646014104669 0.6936154133402919 0.35885604190929254 0.49632998245448656 0.08571027885560989 0.5738117451809893 0.02555718373285304 0.6761285297005135 
0.7823747450868977 0.5556980271000918 0.27382949373236143 0.795273168524206 0.29425702234430395 0.46377036179610553 0.5093832513381854 0.2903126761890379 0.9369436715851731 0.4179314223801511 0.5818096892135736 0.6786745147114062 0.30973732659397324 0.7726773405038085 0.6099369970623271 0.9610320420977654 0.5378962827597179 0.3471486648500693 0.23824905980074645 0.8696393940787113 0.6045871214574595 0.3749758412813648 0.6435777809757723 0.5179656370315798 0.8193545776939013 0.796355167247246 0.25488706738349987 0.7820199231642115 0.9154095516752219 0.4031628399608046 0.6883573109200765 0.5706840482466669 
0.3754590290683413 0.5112440659075805 0.5716509592059651 0.29425702234430395 0.7345780622942935 0.5484870960967325 0.7919680561983122 0.1703998577688467 0.2996621488703162 0.39695835873041174 0.7047173673033192 0.788557182846664 0.3726923571061649 0.5677151907745688 0.4927881676160104 0.0775281926658305 0.4060084902945417 0.6178090922736053 0.6373865016555038 0.4784070429791651 0.23449771887889842 0.33853546136852697 0.7752891547503127 0.458375540563742 0.661319497780156 0.4985379509868984 0.35787378132490866 0.2874720482527713 0.9455018532021608 0.5510958966659533 0.4086032252239403 0.4465775922351231 
0.5793847608071665 0.11933980571812841 0.7719153520602089 0.46377036179610553 0.5484870960967325 0.29658677165894076 0.08063222219332045 0.27511976777859976 0.25619248220778207 0.5602228330303485 0.5724638694259313 0.3773153565117104 0.3603085631908669 0.8877605174619956 0.46345116914314166 0.918215132381839 0.37187844786499735 0.44750625294396706 0.5562518751339445 0.8202934435352164 0.3375089796640023 0.7968996698841779 0.5783736404126162 0.5602242553576244 0.5653821568921534 0.4076863926378442 0.7233370839738955 0.21645082149234313 0.28923904289040003 0.3773867383486155 0.4056027827853942 0.20526335705430182 
0.39830348414489974 0.6584151083462094 0.09640649775260796 0.5093832513381854 0.7919680561983122 0.08063222219332045 0.6783693673765291 0.19414737952609734 0.5557754903629353 0.49617133906108385 0.4511077031256027 0.4062082190849895 0.6125381100344607 0.8111273344350489 0.3803359586519753 0.6625851113034881 0.7253320164351946 0.362740101475771 0.350604422626142 0.41800495810012145 0.6345212497402957 0.3785762444057915 0.8475394149133901 0.27722756158434664 0.46479917217126193 0.4658048397078883 0.5983095094796496 0.7228534566943048 0.28874158590102006 0.2014194838771451 0.16356571392854174 0.4623820464461578 
0.5715741011941653 0.09752920069879373 0.6408563393654456 0.2903126761890379 0.1703998577688467 0.27511976777859976 0.19414737952609734 0.7547153995646485 0.363558501415388 0.3281211802057514 0.7361532114219489 0.20328937033458733 0.15658503756167202 0.5562522598550774 0.3249478467785195 0.5068928340443386 0.3450068997110593 0.8431671737547629 0.3005288054160482 0.374172091827219 0.49841249611388194 0.598102314348512 0.4212009921185013 0.7400184348793241 0.3666337393647894 0.1500235050150635 0.40322406158940793 0.6433799777587137 0.5417375250055558 0.42216083436057017 0.4548616417064966 0.6302881176900546 
0.3704778216645942 0.4980942633165551 0.9595732263103208 0.9369436715851731 0.2996621488703162 0.25619248220778207 0.5557754903629353 0.363558501415388 0.4097990648339833 0.5229953532984337 0.2924546358900383 0.3292143248771604 0.22390827286748055 0.4470281073740995 0.4516052397980636 0.5979661583329352 0.8182227749438107 0.6877195805669277 0.7099802486540843 0.3247256012917595 0.5122174689468288 0.5542968269000097 0.18424667786602672 0.28286180084903517 0.5739571184201071 0.7353292511577697 0.15401899976317251 0.7765888544367217 0.5559676685205168 0.3012305188329627 0.26338354730765573 0.7433474707974033 
0.11690254020123692 0.6396052628350448 0.5486095516237468 0.4179314223801511 0.39695835873041174 0.5602228330303485 0.49617133906108385 0.3281211802057514 0.5229953532984337 0.6355645539171317 0.8662713075905335 0.6927446810867521 0.9424071761048197 0.44484534405781484 0.4149939894205009 0.24125131623344892 0.30148511893390145 0.3378272529063914 0.6692886810814292 0.5634925914995332 0.2856836193622951 0.4929928815370066 0.5338894555799686 0.49922702506667954 0.7922379182090049 0.7118006654648535 0.592322853863106 0.6503239921532982 0.2017392122560968 0.4246035867751796 0.8730032134324986 0.8968094716083648 
0.8108014951133704 0.7241464928917958 0.42799047102043436 0.5818096892135736 0.7047173673033192 0.5724638694259313 0.4511077031256027 0.7361532114219489 0.2924546358900383 0.8662713075905335 0.7023026525030627 0.34940466528409797 0.2956182812312711 0.25718677345056706 0.7034700358581727 0.53614032117927 0.5540429753109678 0.56225138475885 0.4170376333674067 0.3800452253831389 0.2303381844562205 0.14054222406213462 0.4042798339244762 0.7326786953052891 0.38627619795481827 0.3655330811242009 0.5101771011190335 0.8378287453405904 0.5171012362932137 0.2974879949921257 0.35348484639376043 0.08447749147512362 
0.44131715147098965 0.1607938297868965 0.2936264083024257 0.6786745147114062 0.788557182846664 0.3773153565117104 0.4062082190849895 0.20328937033458733 0.3292143248771604 0.6927446810867521 0.34940466528409797 0.5703242758118316 0.3452339745486238 0.6558248711948889 0.5054779947975877 0.6228299354877324 0.5893568738949031 0.7589121343480965 0.888430278864093 0.2731979404166353 0.8721633488522067 0.3404435929679936 0.6850216631062257 0.39917301804124805 0.6049856969197827 0.28077437916491077 0.07175395622944486 0.4286012185446881 0.45536876481593724 0.7702411527578599 0.15225749604400118 0.18158289429751223 
0.503002845457179 0.5822423723599599 0.07366332726895553 0.30973732659397324 0.3726923571061649 0.3603085631908669 0.6125381100344607 0.15658503756167202 0.22390827286748055 0.9424071761048197 0.2956182812312711 0.3452339745486238 0.9074440032875966 0.7132226727162987 0.6020070981751553 0.22593783708412213 0.5962191694436882 0.3018238734916334 0.45665809049458417 0.28695997791721223 0.5655405347398064 0.6890671009613971 0.32709782739173604 0.20404436570517515 0.4540131896794297 0.7503608303226129 0.27322442947436587 0.8392853930577884 0.37523823373311793 0.4007115656953669 0.7385457830137947 0.3299071939832991 
0.39291406597522643 0.12006100990979879 0.45811939976614774 0.7726773405038085 0.5677151907745688 0.8877605174619956 0.8111273344350489 0.5562522598550774 0.4470281073740995 0.44484534405781484 0.25718677345056706 0.6558248711948889 0.7132226727162987 0.3915610443221368 0.497045034758853 0.7112777668867492 0.2932344609518743 0.36416319029145733 0.36829249107928713 0.24793176247604376 0.5030361076837837 0.5131799438885073 0.5966998492956342 0.4695123991682663 0.4016050490234806 0.58924876675267 0.5871383250908268 0.20311305068716368 0.8414813896706645 0.657901255678685 0.24102264501726328 0.3745828241910496 
0.03935275317075548 0.4732740524681202 0.5431439361224459 0.6099369970623271 0.4927881676160104 0.46345116914314166 0.3803359586519753 0.3249478467785195 0.4516052397980636 0.4149939894205009 0.7034700358581727 0.5054779947975877 0.6020070981751553 0.497045034758853 0.44525342516501965 0.7149478589653686 0.2728634949423729 0.6037622755003825 0.5939476658722641 0.40191845346094146 0.6951230937492608 0.6832071963991797 0.6224389439897737 0.6848202045159293 0.5072914486839346 0.17304129529560375 0.7948124557570007 0.500258924473833 0.4016050508668903 0.6404686570976861 0.5938907610649071 0.2728248878528672 
0.8322450637772951 0.6452945047006207 0.2802991152538133 0.9610320420977654 0.0775281926658305 0.918215132381839 0.6625851113034881 0.5068928340443386 0.5979661583329352 0.24125131623344892 0.53614032117927 0.6228299354877324 0.22593783708412213 0.7112777668867492 0.7149478589653686 0.9703815261900923 0.16631787323015718 0.22637125112666717 0.20628334974110152 0.5263206009243945 0.46719016572287747 0.5925109472870183 0.33474899318893175 0.8043231339154563 0.22411749917572582 0.6227593167788096 0.12101280709663037 0.5313613743995862 0.6039498728084292 0.5628760747894558 0.3925816657910563 0.4999472161770237 
0.513673704082802 0.6052082459189556 0.7119138575989611 0.5378962827597179 0.4060084902945417 0.37187844786499735 0.7253320164351946 0.3450068997110593 0.8182227749438107 0.30148511893390145 0.5540429753109678 0.5893568738949031 0.5962191694436882 0.2932344609518743 0.2728634949423729 0.16631787323015718 0.5602437886697457 0.24048786701674296 0.42820035959523317 0.574181161130487 0.2423030147535723 0.4764066912018292 0.4104359632775954 0.5445742059761005 0.5214940175148984 0.46000505737115605 0.4959988600966752 0.8997001475614657 0.1117055574438866 0.4804685882314377 0.7149971016071253 0.25551593424976204 
0.9014456114918015 0.5916479782419842 0.47221336539181363 0.3471486648500693 0.6178090922736053 0.44750625294396706 0.362740101475771 0.8431671737547629 0.6877195805669277 0.3378272529063914 0.56225138475885 0.7589121343480965 0.3018238734916334 0.36416319029145733 0.6037622755003825 0.22637125112666717 0.24048786701674296 0.9425072897956759 0.7357722595600935 0.7492166963624851 0.26048349769376544 0.07996454068683112 0.42518378664392725 0.34136760437677915 0.46630395770373007 0.6251408068853113 0.7064730485318493 0.3499160822863914 0.6715847886992747 0.6227571051330472 0.5173394654741865 0.9541565435658097 
0.5335545263030199 0.3703703554485543 0.4097421822777217 0.23824905980074645 0.6373865016555038 0.5562518751339445 0.350604422626142 0.3005288054160482 0.7099802486540843 0.6692886810814292 0.4170376333674067 0.888430278864093 0.45665809049458417 0.36829249107928713 0.5939476658722641 0.20628334974110152 0.42820035959523317 0.7357722595600935 0.3405428476254657 0.3564216340692195 0.2941577813105904 0.5586555877643795 0.5775130191369646 0.18957997967065993 0.7139800715459985 0.013546724958531486 0.6080398367733448 0.48568214862781145 0.4725004796122965 0.6171518933467925 0.6333991929464311 0.3253880039223263 
0.6517474594033952 0.8007178262853887 0.3411231930173374 0.8696393940787113 0.4784070429791651 0.8202934435352164 0.41800495810012145 0.374172091827219 0.3247256012917595 0.5634925914995332 0.3800452253831389 0.2731979404166353 0.28695997791721223 0.24793176247604376 0.40191845346094146 0.5263206009243945 0.574181161130487 0.7492166963624851 0.3564216340692195 0.7133249660035497 0.6763777110537694 0.5251560384271515 0.24617728998686816 0.6724882341975451 0.511983192345802 0.3019937854627393 0.27449407765502076 0.5426510610624493 0.20781151854425212 0.7052508113079781 0.9119656101542086 0.16010219701276884 
0.7985964598667583 0.17581168879197812 0.4905797675930474 0.6045871214574595 0.23449771887889842 0.3375089796640023 0.6345212497402957 0.49841249611388194 0.5122174689468288 0.2856836193622951 0.2303381844562205 0.8721633488522067 0.5655405347398064 0.5030361076837837 0.6951230937492608 0.46719016572287747 0.2423030147535723 0.26048349769376544 0.2941577813105904 0.6763777110537694 0.42407175483034953 0.9416962090599927 0.3182506549742501 0.5178203527831127 0.32577432653994837 0.03195478533918217 0.8128375851249945 0.48796100146290067 0.50544767540066 0.712667570570494 0.6278672991955125 0.31966352738711373 
0.599326415873288 0.4759609581032092 0.2288655415547189 0.3749758412813648 0.33853546136852697 0.7968996698841779 0.3785762444057915 0.598102314348512 0.5542968269000097 0.4929928815370066 0.14054222406213462 0.3404435929679936 0.6890671009613971 0.5131799438885073 0.6832071963991797 0.5925109472870183 0.4764066912018292 0.07996454068683112 0.5586555877643795 0.5251560384271515 0.9416962090599927 0.942732139848126 0.8267464612306934 0.7112618435348796 0.8705214600833215 0.6359612086388557 0.7887725823851008 0.6478138710175079 0.5650233483893363 0.331888637464415 0.48359817056440385 0.5178940697232355 
0.7385743362502319 0.24253085475873304 0.5179726038860049 0.6435777809757723 0.7752891547503127 0.5783736404126162 0.8475394149133901 0.4212009921185013 0.18424667786602672 0.5338894555799686 0.4042798339244762 0.6850216631062257 0.32709782739173604 0.5966998492956342 0.6224389439897737 0.33474899318893175 0.4104359632775954 0.42518378664392725 0.5775130191369646 0.24617728998686816 0.3182506549742501 0.8267464612306934 0.15363613773943652 0.8358754177854517 0.6508304708283534 0.858343107323453 0.35903547051299434 0.3510596339768079 0.505758545228822 0.6100465039402174 0.6185136042351796 0.5142051164384803 
0.5514906275470222 0.30810090583839345 0.6267407108665526 0.5179656370315798 0.458375540563742 0.5602242553576244 0.27722756158434664 0.7400184348793241 0.28286180084903517 0.49922702506667954 0.7326786953052891 0.39917301804124805 0.20404436570517515 0.4695123991682663 0.6848202045159293 0.8043231339154563 0.5445742059761005 0.34136760437677915 0.18957997967065993 0.6724882341975451 0.5178203527831127 0.7112618435348796 0.8358754177854517 0.26011348372760257 0.49693787507580817 0.2425277951803042 0.17934683418241137 0.6142395856163606 0.9338819055059822 0.42185259441827055 0.12054086737956693 0.7978512293133652 
0.35841237854316854 0.40241471555044256 0.4776646014104669 0.8193545776939013 0.661319497780156 0.5653821568921534 0.46479917217126193 0.3666337393647894 0.5739571184201071 0.7922379182090049 0.38627619795481827 0.6049856969197827 0.4540131896794297 0.4016050490234806 0.5072914486839346 0.22411749917572582 0.5214940175148984 0.46630395770373007 0.7139800715459985 0.511983192345802 0.32577432653994837 0.8705214600833215 0.6508304708283534 0.49693787507580817 0.9911863387944017 0.47080902713407297 0.6045251734440296 0.7179908795524083 0.4512785206422352 0.5870459694449466 0.8829767864629278 0.6698824098817473 
0.32930717880098903 0.5659832720591427 0.6936154133402919 0.796355167247246 0.4985379509868984 0.4076863926378442 0.4658048397078883 0.1500235050150635 0.7353292511577697 0.7118006654648535 0.3655330811242009 0.28077437916491077 0.7503608303226129 0.58924876675267 0.17304129529560375 0.6227593167788096 0.46000505737115605 0.6251408068853113 0.013546724958531486 0.3019937854627393 0.03195478533918217 0.6359612086388557 0.858343107323453 0.2425277951803042 0.47080902713407297 0.23208601564177656 0.21735177305433767 0.4886328534920316 0.6824891938529905 0.46358830486971425 0.5492720665276472 0.2689257359443163 
0.17279089019318306 0.4326519725581127 0.35885604190929254 0.25488706738349987 0.35787378132490866 0.7233370839738955 0.5983095094796496 0.40322406158940793 0.15401899976317251 0.592322853863106 0.5101771011190335 0.07175395622944486 0.27322442947436587 0.5871383250908268 0.7948124557570007 0.12101280709663037 0.4959988600966752 0.7064730485318493 0.6080398367733448 0.27449407765502076 0.8128375851249945 0.7887725823851008 0.35903547051299434 0.17934683418241137 0.6045251734440296 0.21735177305433767 0.04873559314917042 0.3856708874210041 0.8131444129307346 0.10766392205131525 0.2692414183817019 0.6358779148315576 
0.20506707562098464 0.2517325119426239 0.49632998245448656 0.7820199231642115 0.2874720482527713 0.21645082149234313 0.7228534566943048 0.6433799777587137 0.7765888544367217 0.6503239921532982 0.8378287453405904 0.4286012185446881 0.8392853930577884 0.20311305068716368 0.500258924473833 0.5313613743995862 0.8997001475614657 0.3499160822863914 0.48568214862781145 0.5426510610624493 0.48796100146290067 0.6478138710175079 0.3510596339768079 0.6142395856163606 0.7179908795524083 0.4886328534920316 0.3856708874210041 0.3169918758925703 0.5102020999682333 0.220357491738761 0.6133813425883355 0.6366799349512768 
0.5382591058132051 0.6460018564995833 0.08571027885560989 0.9154095516752219 0.9455018532021608 0.28923904289040003 0.28874158590102006 0.5417375250055558 0.5559676685205168 0.2017392122560968 0.5171012362932137 0.45536876481593724 0.37523823373311793 0.8414813896706645 0.4016050508668903 0.6039498728084292 0.1117055574438866 0.6715847886992747 0.4725004796122965 0.20781151854425212 0.50544767540066 0.5650233483893363 0.505758545228822 0.9338819055059822 0.4512785206422352 0.6824891938529905 0.8131444129307346 0.5102020999682333 0.911331355963545 0.6198744177364002 0.3909510580956752 0.37436151123790523 
0.4821187245264532 0.9861506790395292 0.5738117451809893 0.4031628399608046 0.5510958966659533 0.3773867383486155 0.2014194838771451 0.42216083436057017 0.3012305188329627 0.4246035867751796 0.2974879949921257 0.7702411527578599 0.4007115656953669 0.657901255678685 0.6404686570976861 0.5628760747894558 0.4804685882314377 0.6227571051330472 0.6171518933467925 0.7052508113079781 0.712667570570494 0.331888637464415 0.6100465039402174 0.42185259441827055 0.5870459694449466 0.46358830486971425 0.10766392205131525 0.220357491738761 0.6198744177364002 0.27815859055860104 0.5288765489763303 0.6616746177415448 
0.7615325328033828 0.2670629558968518 0.02555718373285304 0.6883573109200765 0.4086032252239403 0.4056027827853942 0.16356571392854174 0.4548616417064966 0.26338354730765573 0.8730032134324986 0.35348484639376043 0.15225749604400118 0.7385457830137947 0.24102264501726328 0.5938907610649071 0.3925816657910563 0.7149971016071253 0.5173394654741865 0.6333991929464311 0.9119656101542086 0.6278672991955125 0.48359817056440385 0.6185136042351796 0.12054086737956693 0.8829767864629278 0.5492720665276472 0.2692414183817019 0.6133813425883355 0.3909510580956752 0.5288765489763303 0.2465126466484534 0.530638917334443 
0.9670829870694579 0.5398995515540985 0.6761285297005135 0.5706840482466669 0.4465775922351231 0.20526335705430182 0.4623820464461578 0.6302881176900546 0.7433474707974033 0.8968094716083648 0.08447749147512362 0.18158289429751223 0.3299071939832991 0.3745828241910496 0.2728248878528672 0.4999472161770237 0.25551593424976204 0.9541565435658097 0.3253880039223263 0.16010219701276884 0.31966352738711373 0.5178940697232355 0.5142051164384803 0.7978512293133652 0.6698824098817473 0.2689257359443163 0.6358779148315576 0.6366799349512768 0.37436151123790523 0.6616746177415448 0.530638917334443 0.7348384178099516 