8 1.6021499120622882 6.3683397268845985 352 1428
83 91 45 78 93 12 76 41 
99 46 31 63 82 16 1 51 
85 9 54 54 85 19 98 38 
43 38 89 22 73 53 75 37 
82 100 52 35 51 93 75 79 
22 29 70 37 87 69 99 91 
51 85 91 54 37 75 24 99 
51 41 97 27 48 60 64 21 
0.614201428393166 0.3816145949979461 0.6953136112951657 0.6374953123849492 0.9005851863658529 0.12453679502807558 0.5890928074789543 0.23375049242261126 
0.3816145949979461 0.8334490389436826 0.2812776827911081 0.31364344917293024 0.38330642355733363 0.560098027885097 0.48174003984404395 0.6301581554798246 
0.6953136112951657 0.2812776827911081 0.3527358060042489 0.2636772687035598 0.8624488656634186 0.6889899128650465 0.1565284546646255 0.7958304663994693 
0.6374953123849492 0.31364344917293024 0.2636772687035598 0.10161434799934899 0.7238206321651203 0.8221542428218114 0.20789783862455669 0.6588263026452756 
0.9005851863658529 0.38330642355733363 0.8624488656634186 0.7238206321651203 0.6932473797863911 0.13774119466443008 0.3860689675374903 0.8941306392315758 
0.12453679502807558 0.560098027885097 0.6889899128650465 0.8221542428218114 0.13774119466443008 0.23348792621608938 0.676955244461525 0.06257852016833404 
0.5890928074789543 0.48174003984404395 0.1565284546646255 0.20789783862455669 0.3860689675374903 0.676955244461525 0.49775089676664874 0.5220142846386511 
0.23375049242261126 0.6301581554798246 0.7958304663994693 0.6588263026452756 0.8941306392315758 0.06257852016833404 0.5220142846386511 0.7835237166791629 