16
12 40 1 87 46 68 42 9 16 39 17 52 51 21 45 78 
33 83 65 61 79 50 25 61 86 48 94 28 46 16 30 93 
92 94 1 28 39 72 98 67 69 19 43 62 54 30 85 72 
97 62 87 49 21 27 21 7 91 87 17 97 54 45 25 52 
5 62 39 85 20 9 12 85 87 67 68 90 98 25 21 53 
49 42 6 64 69 84 33 92 21 70 72 55 2 7 96 11 
68 14 98 52 19 96 28 100 33 99 3 47 77 100 84 94 
98 70 6 48 70 66 88 53 58 4 68 76 39 56 16 9 
75 80 80 76 30 96 38 62 5 78 51 26 36 30 5 61 
98 39 24 71 63 87 95 3 66 59 71 82 62 85 92 24 
38 37 98 12 55 15 42 68 89 69 38 28 51 46 12 61 
5 4 72 33 38 8 62 97 25 43 66 30 70 13 60 6 
95 51 88 47 95 71 34 100 97 44 13 1 96 15 53 68 
80 24 92 87 38 36 38 69 40 62 45 34 5 44 78 27 
61 77 63 45 96 99 16 2 30 94 60 42 11 52 93 5 
51 80 85 76 7 40 55 31 73 96 14 54 77 53 83 8 
50 111 88 66 83 128 121 104 85 72 53 92 116 136 157 37 
111 128 99 97 153 87 96 115 74 99 121 110 108 76 66 182 
88 99 138 98 120 96 91 102 120 83 58 89 77 121 133 79 
66 97 98 12 79 124 38 109 147 143 38 147 113 93 111 59 
83 153 120 79 140 150 33 113 100 129 87 83 83 116 110 98 
128 87 96 124 150 164 93 144 120 60 50 107 59 101 83 99 
121 96 91 38 33 93 86 97 75 69 80 43 86 142 77 163 
104 115 102 109 113 144 97 160 108 54 109 82 133 70 183 147 
85 74 120 147 100 120 75 108 70 143 16 95 94 110 126 63 
72 99 83 143 129 60 69 54 143 196 65 85 188 65 105 76 
53 121 58 38 87 50 80 109 16 65 122 67 151 105 96 106 
92 110 89 147 83 107 43 82 95 85 67 50 101 39 138 60 
116 108 77 113 83 59 86 133 94 188 151 101 140 66 118 59 
136 76 121 93 116 101 142 70 110 65 105 39 66 100 103 107 
157 66 133 111 110 83 77 183 126 105 96 138 118 103 88 52 
37 182 79 59 98 99 163 147 63 76 106 60 59 107 52 102 