32
87 23 13 66 11 26 6 31 43 70 75 46 6 26 98 94 77 27 17 83 85 6 33 98 54 69 58 72 26 97 60 21 
78 48 19 25 19 18 30 33 87 79 53 51 56 27 25 41 60 78 57 90 63 57 13 83 8 70 66 27 74 99 65 50 
15 16 21 31 24 38 19 76 39 63 5 100 4 19 26 42 83 4 59 3 58 59 63 24 9 100 50 94 46 19 92 55 
39 4 59 82 88 79 18 11 46 90 73 15 95 91 69 54 70 79 42 10 49 78 41 97 84 1 19 85 72 55 98 28 
29 23 83 96 1 30 10 11 24 46 44 71 72 92 44 54 46 72 16 47 24 49 82 78 87 9 2 46 12 18 20 94 
15 17 37 55 6 2 59 86 97 41 6 36 66 19 51 89 22 50 17 33 14 77 16 88 26 44 71 9 91 29 76 10 
15 72 13 12 34 41 44 13 50 79 74 81 71 78 4 21 55 9 64 7 40 78 85 20 35 32 23 9 69 99 43 97 
89 58 8 63 72 59 61 30 6 52 56 25 42 45 14 66 5 65 57 74 76 84 96 6 14 22 54 38 89 4 87 38 
71 29 98 61 73 93 34 16 37 70 40 77 94 85 60 56 48 31 92 89 44 19 88 49 55 97 64 20 86 59 72 59 
61 40 31 96 51 89 43 20 56 85 35 84 62 88 32 51 9 25 89 19 22 87 28 86 38 29 44 48 73 55 23 13 
33 68 4 72 8 72 99 56 77 35 12 73 60 15 61 38 49 32 43 51 71 46 47 18 53 93 91 76 9 96 15 16 
31 49 5 2 84 20 26 24 31 71 54 78 91 51 45 91 77 11 27 13 98 69 79 64 43 45 44 90 52 23 53 82 
76 31 69 60 32 16 97 6 15 89 69 39 7 95 39 72 63 63 67 31 76 96 88 50 25 57 42 7 75 63 61 70 
64 35 4 22 29 51 81 21 52 74 28 59 89 86 72 5 38 82 74 37 46 67 14 83 64 25 79 94 72 62 48 48 
45 99 17 79 39 90 54 41 88 64 39 76 96 80 89 21 51 58 11 18 68 47 96 97 38 27 27 76 37 6 62 12 
20 94 71 69 69 92 98 74 71 21 100 84 70 55 29 46 12 44 60 87 100 23 1 8 93 78 82 63 27 35 44 76 
60 19 70 30 7 95 32 76 7 34 6 37 46 9 88 91 1 22 39 86 15 67 95 15 91 35 80 18 94 56 70 67 
24 96 71 2 3 82 62 87 40 88 24 11 69 9 87 59 70 33 58 5 62 85 53 67 26 1 54 61 6 18 85 4 
50 75 30 4 52 92 100 61 55 40 96 68 57 37 73 84 15 80 23 96 40 66 53 1 16 19 3 100 15 9 23 78 
63 33 38 36 100 85 47 63 30 92 58 59 84 94 8 54 63 47 73 49 85 63 35 14 93 18 32 88 24 7 67 70 
95 6 99 89 74 86 32 45 26 47 34 25 87 38 21 70 35 52 63 51 79 69 47 94 44 42 69 27 15 97 47 49 
21 68 47 53 96 25 20 51 82 27 41 46 57 39 10 52 69 14 61 99 87 9 39 92 22 9 67 90 77 46 24 90 
25 34 31 92 52 82 48 95 73 15 61 70 56 79 50 68 60 57 35 14 7 97 56 99 35 88 37 52 95 68 59 35 
81 97 31 95 4 45 42 27 14 29 6 48 25 28 93 53 50 36 20 99 46 16 34 27 21 34 90 70 77 71 10 28 
11 50 29 19 81 86 71 31 9 15 43 90 35 17 58 23 97 93 82 16 37 45 10 65 4 14 45 23 68 37 17 32 
75 58 95 91 8 70 18 64 6 95 21 98 97 22 53 57 47 3 100 55 60 49 83 25 29 23 59 32 84 24 48 4 
38 81 50 46 67 55 71 39 93 74 32 46 96 69 28 22 88 10 99 10 6 90 64 70 54 19 41 56 34 34 64 33 
34 53 60 33 40 92 66 89 1 79 86 81 42 39 18 38 32 31 93 98 67 88 31 40 99 14 5 22 81 68 53 33 
92 61 16 87 33 92 31 15 22 53 76 87 12 67 42 24 53 97 75 78 85 7 9 11 37 52 47 96 1 45 78 52 
71 11 10 82 79 79 59 44 66 52 21 85 30 93 46 42 42 32 77 10 42 21 99 96 70 22 32 50 94 49 68 21 
91 3 83 74 9 65 60 72 51 31 54 25 59 26 86 32 98 3 3 74 81 24 86 8 17 97 9 69 22 26 3 31 
61 49 69 41 96 54 96 66 62 39 87 18 97 72 62 6 61 40 62 38 97 20 12 17 65 42 87 9 53 11 74 22 
94 99 69 74 58 30 161 59 194 162 155 130 38 113 66 182 137 105 103 114 127 84 155 100 67 92 91 128 147 140 56 100 
99 56 56 89 75 108 88 151 137 133 111 177 139 155 59 100 160 67 152 53 141 112 137 120 63 68 186 72 77 112 129 114 
69 56 192 34 85 154 98 76 56 96 187 124 138 89 72 169 58 116 114 90 85 115 115 160 88 43 39 83 77 75 89 89 
74 89 34 154 83 46 124 132 99 180 187 62 59 56 40 192 26 87 92 65 43 127 83 98 10 114 88 141 151 80 42 173 
58 75 85 83 28 98 137 58 28 165 129 39 172 82 106 89 9 42 51 73 91 76 22 150 133 142 193 98 186 168 96 116 
30 108 154 46 98 48 166 137 87 98 76 30 115 123 93 65 128 74 93 127 33 63 79 112 169 162 106 137 58 83 88 42 
161 88 98 124 137 166 132 134 147 23 53 132 42 182 91 124 100 99 64 167 146 140 157 157 78 109 114 132 48 53 130 76 
59 151 76 132 58 137 134 152 58 80 126 62 118 80 92 135 52 130 184 30 136 110 105 101 185 40 7 163 76 139 106 176 
194 137 56 99 28 87 147 58 76 143 102 109 106 100 117 32 66 102 83 100 65 125 132 146 84 39 28 196 153 49 79 29 
162 133 96 180 165 98 23 80 143 48 119 86 69 37 76 131 180 152 107 96 75 66 64 168 56 85 98 96 50 89 95 183 
155 111 187 187 129 76 53 126 102 119 108 70 80 99 108 128 21 35 90 154 151 79 125 163 36 90 138 57 74 101 68 87 
130 177 124 62 39 30 132 62 109 86 70 114 171 47 79 95 45 94 71 113 164 67 83 121 104 108 118 160 176 30 68 140 
38 139 138 59 172 115 42 118 106 69 80 171 76 103 136 107 165 61 89 143 54 124 139 141 51 95 182 27 84 31 126 70 
113 155 89 56 82 123 182 80 100 37 99 47 103 196 90 188 147 143 158 41 81 85 79 105 78 65 179 87 53 117 105 183 
66 59 72 40 106 93 91 92 117 76 108 79 136 90 48 64 115 121 108 75 144 193 173 86 46 120 114 193 78 54 140 99 
182 100 169 192 89 65 124 135 32 131 128 95 107 188 64 72 133 75 109 148 149 52 66 55 140 99 55 124 51 165 156 131 
137 160 58 26 9 128 100 52 66 180 21 45 165 147 115 133 16 101 129 143 117 146 42 97 119 107 100 128 70 111 87 88 
105 67 116 87 42 74 99 130 102 152 35 94 61 143 121 75 101 6 55 106 76 56 73 129 111 116 54 51 138 152 98 89 
103 152 114 92 51 93 64 184 83 107 90 71 89 158 108 109 129 55 148 144 79 143 83 82 120 99 111 123 72 46 83 165 
114 53 90 65 73 127 167 30 100 96 154 113 143 41 75 148 143 106 144 144 120 68 46 156 108 95 89 70 129 145 110 170 
127 141 85 43 91 33 146 136 65 75 151 164 54 81 144 149 117 76 79 120 194 24 75 92 35 121 153 105 128 142 141 111 
84 112 115 127 76 63 140 110 125 66 79 67 124 85 193 52 146 56 143 68 24 134 105 50 144 69 69 141 38 84 95 47 
155 137 115 83 22 79 157 105 132 64 125 83 139 79 173 66 42 73 83 46 75 105 122 45 65 79 61 22 23 83 105 128 
100 120 160 98 150 112 157 101 146 168 163 121 141 105 86 55 97 129 82 156 92 50 45 164 132 174 78 53 119 96 90 94 
67 63 88 10 133 169 78 185 84 56 36 104 51 78 46 140 119 111 120 108 35 144 65 132 100 151 113 52 60 41 57 121 
92 68 43 114 142 162 109 40 39 85 90 108 95 65 120 99 107 116 99 95 121 69 79 174 151 86 116 140 121 111 85 54 
91 186 39 88 193 106 114 7 28 98 138 118 182 179 114 55 100 54 111 89 153 69 61 78 113 116 156 139 109 71 120 162 
128 72 83 141 98 137 132 163 196 96 57 160 27 87 193 124 128 51 123 70 105 141 22 53 52 140 139 144 19 52 136 71 
147 77 77 151 186 58 48 76 153 50 74 176 84 53 78 51 70 138 72 129 128 38 23 119 60 121 109 19 34 78 114 112 
140 112 75 80 168 83 53 139 49 89 101 30 31 117 54 165 111 152 46 145 142 84 83 96 41 111 71 52 78 14 130 80 
56 129 89 42 96 88 130 106 79 95 68 68 126 105 140 156 87 98 83 110 141 95 105 90 57 85 120 136 114 130 98 167 
100 114 89 173 116 42 76 176 29 183 87 140 70 183 99 131 88 89 165 170 111 47 128 94 121 54 162 71 112 80 167 32 