32 4.192587819966219 27.01249759822719 234 6126
65 83 1 8 22 64 77 30 66 96 98 58 94 58 42 74 30 80 19 30 65 76 45 28 79 56 40 77 59 21 24 44 
60 64 66 100 18 28 71 30 40 98 18 59 98 14 72 84 14 39 3 46 66 61 97 41 19 47 97 19 61 45 43 94 
54 81 15 48 100 8 7 34 31 72 68 63 22 50 83 2 100 42 59 7 28 1 13 25 74 53 55 10 47 43 82 24 
70 59 4 87 88 74 24 53 8 67 25 4 64 89 55 37 16 41 4 56 45 91 43 37 55 39 6 49 54 12 9 91 
66 39 67 44 87 76 28 30 15 29 92 85 14 34 5 69 71 35 36 25 64 85 94 15 67 70 35 6 24 64 40 79 
67 95 33 38 20 48 48 94 100 99 5 7 82 22 99 85 90 26 62 47 66 15 3 72 39 33 59 99 65 17 54 2 
62 88 34 94 12 52 71 46 45 1 50 43 79 23 78 35 50 73 27 12 68 8 80 35 86 84 5 59 74 96 27 9 
41 5 21 11 37 24 29 40 17 92 17 95 34 98 21 20 26 1 18 81 8 67 71 15 78 38 61 45 3 52 46 47 
16 74 81 12 33 87 32 22 36 78 34 36 82 44 76 41 17 84 68 67 1 68 73 24 2 7 81 30 2 88 74 94 
58 95 66 89 95 29 92 83 20 91 77 67 69 34 86 6 95 67 20 70 96 82 40 90 58 87 73 12 94 20 86 48 
60 86 95 99 77 3 28 52 77 29 99 79 63 99 14 18 20 78 66 74 33 59 100 53 68 57 42 19 90 78 13 92 
63 34 26 98 6 78 30 98 14 56 7 49 1 80 64 1 87 60 79 65 16 49 33 27 51 52 58 21 99 33 65 2 
93 71 40 32 41 51 11 23 86 87 89 21 72 2 2 95 13 71 21 9 26 44 81 69 28 69 97 54 67 56 54 28 
46 1 12 77 63 37 99 47 57 50 59 78 16 7 9 75 52 39 45 75 37 71 64 95 47 35 32 33 55 29 12 9 
80 46 79 39 43 12 11 46 53 36 23 19 28 51 41 74 70 76 75 21 23 18 91 19 71 1 11 67 24 78 54 14 
3 34 78 79 35 38 51 8 25 23 24 75 35 13 38 14 51 4 38 1 24 8 44 91 34 54 56 6 11 10 12 63 
17 78 92 96 76 57 47 64 79 56 44 81 93 55 73 91 20 58 16 77 39 89 79 51 91 42 56 93 38 48 2 76 
5 7 16 17 35 79 53 59 78 65 78 100 76 2 20 29 92 49 62 27 26 17 36 47 57 16 2 6 79 36 47 4 
71 91 5 87 17 94 67 10 47 58 26 33 51 6 84 41 11 80 81 78 74 80 52 4 9 42 5 42 44 14 35 65 
90 46 68 52 69 93 95 1 75 31 59 41 72 10 1 2 94 39 86 16 40 76 8 3 89 29 12 10 84 27 66 76 
44 69 66 89 3 41 45 20 58 20 5 59 74 38 90 99 40 23 9 98 94 24 40 71 67 44 87 72 42 92 8 61 
70 35 89 99 67 10 48 39 76 78 69 42 26 4 63 31 6 65 35 90 65 62 95 22 14 27 50 54 15 14 27 55 
7 60 18 78 82 40 70 38 23 77 57 96 9 63 76 89 26 75 79 28 5 19 59 81 21 99 75 46 52 40 35 34 
50 31 17 72 65 10 57 2 16 27 1 48 98 47 13 54 98 45 4 6 14 62 56 22 40 13 83 27 29 87 82 93 
92 8 37 12 9 15 1 62 46 87 49 47 11 89 42 6 97 55 7 3 63 95 75 47 27 51 40 36 7 1 70 54 
53 40 55 62 48 81 27 100 61 74 74 93 19 59 95 65 42 54 33 99 13 76 24 77 49 38 66 33 96 53 92 79 
80 65 20 14 100 78 8 58 77 30 37 57 41 95 28 78 52 13 99 84 51 65 25 89 21 26 47 55 52 1 19 12 
54 84 55 22 95 96 66 58 95 45 18 20 18 90 11 79 35 72 20 93 2 10 47 41 11 29 4 11 46 28 46 47 
25 19 1 45 46 48 35 33 55 88 62 5 96 59 91 35 91 42 84 87 32 30 40 66 87 40 87 25 82 96 100 7 
26 7 50 93 65 56 15 66 21 37 78 69 64 95 41 67 61 8 70 10 17 65 58 12 31 82 49 56 85 70 91 60 
34 1 96 33 95 83 98 35 20 2 18 34 100 93 99 28 2 90 28 24 92 52 14 70 93 43 55 39 88 7 88 38 
76 11 71 60 65 34 9 5 38 34 77 95 52 62 66 45 19 69 9 85 2 29 31 29 96 95 37 89 80 67 31 4 
0.12073767046181516 0.4634949394662371 0.47705755930118027 0.7800686893687936 0.5641515702395637 0.42778414551363986 0.7420733155119414 0.3645157492037848 0.2616456976946584 0.1898928624227022 0.2387696818898779 0.33415280075803183 0.48548042850135886 0.1369332147613695 0.23718702534581243 0.4630793239132203 0.7183369278989948 0.2630183679682509 0.1351624863478914 0.6612669949102797 0.4256173578552087 0.518996516719871 0.2898481525498487 0.5011871233815887 0.3483606163749529 0.6547798099156357 0.521886698073573 0.583569595224606 0.21219089102809957 0.44561957110083905 0.428883364787009 0.8384992876470421 
0.4634949394662371 0.20399094101633108 0.1255313703331138 0.46077551159065405 0.28343332637201973 0.6867937201396375 0.4121581128017545 0.36177850855885674 0.41831619676107273 0.6272299707590578 0.5872839322927405 0.8612573106675434 0.2359499311727869 0.3248632705585182 0.38409178685690465 0.39110700837762696 0.37745484216914477 0.5329769396295739 0.5456572731589762 0.48024144365469396 0.2631811290332966 0.8544477188553854 0.395996546148616 0.7486078967597704 0.2780262158172967 0.18932663392944798 0.4178106338421493 0.42404486794312696 0.4436613897373754 0.5785039998721835 0.44295874200942476 0.3340908141740071 
0.47705755930118027 0.1255313703331138 0.9816067181064555 0.3912190410797275 0.8780800335563622 0.8926013720854542 0.5627923171856062 0.6065605814709106 0.3174501853064359 0.5872676594132316 0.4153627021306427 0.7401709169972241 0.4835171839218895 0.5571355656006111 0.529537575647456 0.46616047078681916 0.6112993225737879 0.3763354414222275 0.5503636203695055 0.38222546395706986 0.637227457273474 0.18894462125786599 0.529614139634787 0.24080831618711268 0.40944169984189943 0.5542956625703434 0.45265812182454185 0.7483595470787638 0.8021735461192894 0.5156224191961432 0.20688566703216693 0.47381064299563697 
0.7800686893687936 0.46077551159065405 0.3912190410797275 0.9025413139424899 0.28073057421133024 0.3644125063685624 0.5658593180545979 0.48993461516146786 0.04557692237860622 0.25583323995142565 0.5231423553733946 0.27175210450114823 0.26100351402920063 0.274576635922727 0.46142361390164965 0.8203056227117405 0.4276071997081109 0.7712751234990656 0.7085484816047207 0.5485222646301098 0.5199029372215771 0.45290167550759053 0.3996391187753263 0.17806806288222987 0.8418180001611764 0.5273986341997942 0.5762700699557978 0.6053877688537288 0.44729567592797825 0.3693485404171422 0.7335861452718 0.32385565334616284 
0.5641515702395637 0.28343332637201973 0.8780800335563622 0.28073057421133024 0.6159334104481122 0.7151828312876329 0.7759537704628853 0.4506408016741033 0.37379170563627756 0.5210440432920321 0.4505360967352459 0.861654335095861 0.39646220290055023 0.6380796323039002 0.778105156355017 0.2793347808396536 0.377497340692437 0.2406528393962173 0.1824661492397311 0.20540598634405216 0.44402728570606004 0.6223163774843202 0.2551197702156761 0.5567872756424079 0.2990210189067369 0.6041930062293549 0.1460819184345286 0.35611892805519435 0.6557018036875446 0.35560387610019817 0.6149155470641654 0.26286834692215016 
0.42778414551363986 0.6867937201396375 0.8926013720854542 0.3644125063685624 0.7151828312876329 0.12332420114153753 0.7478002902615207 0.46816884817448967 0.48559828845494435 0.4936566443711768 0.6004966850815121 0.6070524646174221 0.26108296826475086 0.7696956386346756 0.337065634381441 0.3688148744064198 0.7865477863978709 0.5218381944509403 0.6609760049473503 0.49170443359981586 0.7235354109738955 0.295201885430522 0.45288006439957673 0.7430437410267452 0.3722690063087503 0.14322443226941667 0.5012027040164483 0.6171564197745419 0.6151569486233146 0.379087529029174 0.698106876237433 0.6433180329464911 
0.7420733155119414 0.4121581128017545 0.5627923171856062 0.5658593180545979 0.7759537704628853 0.7478002902615207 0.48187486356773657 0.5306106380898366 0.1754289296533904 0.19593337624899326 0.6607032297777279 0.7328851752753058 0.6664463944697231 0.4813623159270785 0.5666436897858953 0.3793600661395875 0.23603270309600582 0.6920687069897572 0.8131722716221523 0.6720300179427463 0.6455429889448938 0.5706075302397968 0.45930095480530087 0.33522917209908387 0.3879376237855445 0.27431056402376464 0.7570714858005061 0.3281337130583188 0.48634765071140634 0.7693785390336922 0.4646537385482444 0.5739080858152337 
0.3645157492037848 0.36177850855885674 0.6065605814709106 0.48993461516146786 0.4506408016741033 0.46816884817448967 0.5306106380898366 0.3775058810673315 0.6388156741628677 0.6375240424740217 0.1737202643703008 0.5742775769075579 0.2544492619892592 0.3913961254979686 0.47127926629504935 0.6561527210795981 0.3937642736555855 0.6108475882348086 0.4850502439219992 0.10500765871927514 0.541189913835173 0.8909473423366989 0.5949765245601423 0.7611572898678569 0.9241628212005237 0.5496901273687433 0.6512631090208711 0.2750436043917387 0.34265079699304357 0.27941156132858136 0.674850417801949 0.318290174796077 
0.2616456976946584 0.41831619676107273 0.3174501853064359 0.04557692237860622 0.37379170563627756 0.48559828845494435 0.1754289296533904 0.6388156741628677 0.03912367758421231 0.5541260807430615 0.48028236885712283 0.194301862478502 0.3432752455250972 0.18322111580032902 0.6221419537679505 0.3070402527027291 0.8619110499153949 0.6768301908765114 0.5569636311529984 0.559187338940168 0.2512684331370796 0.44375100059321076 0.1751849005386385 0.6509557685203309 0.6146620943828536 0.27928489560956576 0.5549234761802714 0.3722271180894501 0.5741202459556274 0.6677395256056924 0.8247449090953765 0.7173234328258635 
0.1898928624227022 0.6272299707590578 0.5872676594132316 0.25583323995142565 0.5210440432920321 0.4936566443711768 0.19593337624899326 0.6375240424740217 0.5541260807430615 0.5809714297048107 0.6124850851961535 0.21701738682842808 0.3904751168167295 0.22635287756020012 0.11117796895392618 0.522573004339026 0.7296778458587252 0.34318697166664064 0.5037999988550786 0.5761915939782678 0.15594598086478573 0.7402448685956919 0.739497593152773 0.47478843982714575 0.9002935795209055 0.2957727364903063 0.8291444964049938 0.14409307905786567 0.326408309560766 0.6942487158207299 0.2932976445513729 0.7606284460444472 
0.2387696818898779 0.5872839322927405 0.4153627021306427 0.5231423553733946 0.4505360967352459 0.6004966850815121 0.6607032297777279 0.1737202643703008 0.48028236885712283 0.6124850851961535 0.746678158048398 0.3520739011901778 0.7400598490739418 0.5248170467141109 0.6576611582636976 0.5279307720102351 0.44930929648018947 0.2454656513258398 0.8788210932880909 0.9858475578830317 0.47805500726503086 0.5219282746039482 0.6409607509340148 0.7672713548711305 0.4551421931854322 0.08607395606871854 0.2789436618467147 0.07291640058471022 0.45440480234020114 0.6178811112758771 0.4169580643759859 0.4073683368924173 
0.33415280075803183 0.8612573106675434 0.7401709169972241 0.27175210450114823 0.861654335095861 0.6070524646174221 0.7328851752753058 0.5742775769075579 0.194301862478502 0.21701738682842808 0.3520739011901778 0.6285049026152724 0.26793938713457477 0.495700448737203 0.5874248331563208 0.6100253636264694 0.29096226445165047 0.6252212772381514 0.8167346736870624 0.5304599845244273 0.3984271710557403 0.6454514036324069 0.5397300580624815 0.5457290511058427 0.11534257441380263 0.4973011663643915 0.7889546544730688 0.3709402053623671 0.3773995069910729 0.5954573647010684 0.3206687129197947 0.33437876466808264 
0.48548042850135886 0.2359499311727869 0.4835171839218895 0.26100351402920063 0.39646220290055023 0.26108296826475086 0.6664463944697231 0.2544492619892592 0.3432752455250972 0.3904751168167295 0.7400598490739418 0.26793938713457477 0.7702780360451528 0.1972310785624959 0.4860166194604313 0.7033302943842762 0.44466624719565245 0.449385618453575 0.831686161580382 0.3934935077104068 0.3229442421839801 0.5937936205223922 0.5531617277349208 0.1300959110140446 0.5501526285692797 0.3523599445633866 0.599947659743552 0.191636554538277 0.26227921557780176 0.4431599343238234 0.6764094239885962 0.18278729858286574 
0.1369332147613695 0.3248632705585182 0.5571355656006111 0.274576635922727 0.6380796323039002 0.7696956386346756 0.4813623159270785 0.3913961254979686 0.18322111580032902 0.22635287756020012 0.5248170467141109 0.495700448737203 0.1972310785624959 0.7150959024057407 0.6727610937355244 0.20288503504306865 0.566451345636513 0.38056980442122273 0.4660189336216193 0.14129190987717238 0.43810182044859464 0.35082635852188265 0.2022089058600519 0.2979564005085302 0.19601955442067132 0.3917733187448539 0.4169554615933121 0.25295987494544464 0.5034577471254775 0.513285307496989 0.49834722738551757 0.7366907659924049 
0.23718702534581243 0.38409178685690465 0.529537575647456 0.46142361390164965 0.778105156355017 0.337065634381441 0.5666436897858953 0.47127926629504935 0.6221419537679505 0.11117796895392618 0.6576611582636976 0.5874248331563208 0.4860166194604313 0.6727610937355244 0.5670683108906666 0.13501662830403788 0.6900406240389443 0.33288451217709225 0.401599304801782 0.5491928818688299 0.42780737717195405 0.5442998415851436 0.4400552857233703 0.4504261848421662 0.37967550062447014 0.49814571727722395 0.6127612947298742 0.42594049167297654 0.48566579260547654 0.6325363561724832 0.3668186854071248 0.9198815351765901 
0.4630793239132203 0.39110700837762696 0.46616047078681916 0.8203056227117405 0.2793347808396536 0.3688148744064198 0.3793600661395875 0.6561527210795981 0.3070402527027291 0.522573004339026 0.5279307720102351 0.6100253636264694 0.7033302943842762 0.20288503504306865 0.13501662830403788 0.6816876767071626 0.5447794310813712 0.5185472272113848 0.4127573046599044 0.29603581493936115 0.5426022776207282 0.5625453634585127 0.41264018696099863 0.2977723939505512 0.7428658628967109 0.3584166062835932 0.5519212704229046 0.7130305663205374 0.3827707085670615 0.5868879670966751 0.3447209564813898 0.3819777673443034 
0.7183369278989948 0.37745484216914477 0.6112993225737879 0.4276071997081109 0.377497340692437 0.7865477863978709 0.23603270309600582 0.3937642736555855 0.8619110499153949 0.7296778458587252 0.44930929648018947 0.29096226445165047 0.44466624719565245 0.566451345636513 0.6900406240389443 0.5447794310813712 0.825808140652766 0.5708975583386253 0.5963793527622988 0.6494607452535244 0.805810190010108 0.6270665215787445 0.6548270054501931 0.831898859765037 0.15276899082900275 0.3376989650408599 0.5948143549273817 0.5535116840394025 0.7538719105003393 0.54626958094283 0.5289119579346289 0.6607329580276471 
0.2630183679682509 0.5329769396295739 0.3763354414222275 0.7712751234990656 0.2406528393962173 0.5218381944509403 0.6920687069897572 0.6108475882348086 0.6768301908765114 0.34318697166664064 0.2454656513258398 0.6252212772381514 0.449385618453575 0.38056980442122273 0.33288451217709225 0.5185472272113848 0.5708975583386253 0.22927532681350005 0.36866662797374417 0.6743636500234483 0.3751370374461512 0.5249219716634197 0.2939130617476814 0.630997503523113 0.5405379361789612 0.48521861427454815 0.8208521620886988 0.8527494429241496 0.03137565451944657 0.5155281369579785 0.7868623790439719 0.8460066646427465 
0.1351624863478914 0.5456572731589762 0.5503636203695055 0.7085484816047207 0.1824661492397311 0.6609760049473503 0.8131722716221523 0.4850502439219992 0.5569636311529984 0.5037999988550786 0.8788210932880909 0.8167346736870624 0.831686161580382 0.4660189336216193 0.401599304801782 0.4127573046599044 0.5963793527622988 0.36866662797374417 0.8625520336565438 0.5184390162508807 0.32754415187410046 0.7140948103917504 0.6848542159516096 0.6855818124528017 0.3145366140766897 0.3254177524369393 0.4953258673165184 0.6069284039471108 0.8650410591747884 0.580429887154876 0.8555364573132686 0.479541410163414 
0.6612669949102797 0.48024144365469396 0.38222546395706986 0.5485222646301098 0.20540598634405216 0.49170443359981586 0.6720300179427463 0.10500765871927514 0.559187338940168 0.5761915939782678 0.9858475578830317 0.5304599845244273 0.3934935077104068 0.14129190987717238 0.5491928818688299 0.29603581493936115 0.6494607452535244 0.6743636500234483 0.5184390162508807 0.2014879713448533 0.10684548986315484 0.5842342134646192 0.5077691188900303 0.3929245536505559 0.4635650272936196 0.22552103079758656 0.19371071367992654 0.7024057186047628 0.9329685038288076 0.41833754610330065 0.19701120435572683 0.2537261861551512 
0.4256173578552087 0.2631811290332966 0.637227457273474 0.5199029372215771 0.44402728570606004 0.7235354109738955 0.6455429889448938 0.541189913835173 0.2512684331370796 0.15594598086478573 0.47805500726503086 0.3984271710557403 0.3229442421839801 0.43810182044859464 0.42780737717195405 0.5426022776207282 0.805810190010108 0.3751370374461512 0.32754415187410046 0.10684548986315484 0.8680925446528992 0.5714431074104827 0.8476557177913298 0.1546198525801306 0.1121624441559751 0.013498437178226297 0.31624014019656016 0.5532981258549519 0.35603164905785595 0.8381710759518193 0.444114575562871 0.3288940519913302 
0.518996516719871 0.8544477188553854 0.18894462125786599 0.45290167550759053 0.6223163774843202 0.295201885430522 0.5706075302397968 0.8909473423366989 0.44375100059321076 0.7402448685956919 0.5219282746039482 0.6454514036324069 0.5937936205223922 0.35082635852188265 0.5442998415851436 0.5625453634585127 0.6270665215787445 0.5249219716634197 0.7140948103917504 0.5842342134646192 0.5714431074104827 0.7786401229518165 0.49866729787334296 0.5133634297668752 0.25889736061498125 0.4399559346346923 0.6418243853019187 0.0721474409894225 0.2798874509038911 0.597439721397042 0.6091504013745623 0.19627702730701263 
0.2898481525498487 0.395996546148616 0.529614139634787 0.3996391187753263 0.2551197702156761 0.45288006439957673 0.45930095480530087 0.5949765245601423 0.1751849005386385 0.739497593152773 0.6409607509340148 0.5397300580624815 0.5531617277349208 0.2022089058600519 0.4400552857233703 0.41264018696099863 0.6548270054501931 0.2939130617476814 0.6848542159516096 0.5077691188900303 0.8476557177913298 0.49866729787334296 0.23693073977449441 0.26301041735392117 0.46196679957632414 0.2945186056747111 0.7486740529397914 0.6081060273279777 0.3613273977014085 0.5483165247878254 0.36831845413936565 0.36261428698737624 
0.5011871233815887 0.7486078967597704 0.24080831618711268 0.17806806288222987 0.5567872756424079 0.7430437410267452 0.33522917209908387 0.7611572898678569 0.6509557685203309 0.47478843982714575 0.7672713548711305 0.5457290511058427 0.1300959110140446 0.2979564005085302 0.4504261848421662 0.2977723939505512 0.831898859765037 0.630997503523113 0.6855818124528017 0.3929245536505559 0.1546198525801306 0.5133634297668752 0.26301041735392117 0.05564556209412064 0.2762438024175966 0.7435797104835671 0.3765437117524364 0.20346642919031255 0.12641301490182238 0.6316293801051391 0.32977636410167366 0.21499775668704524 
0.3483606163749529 0.2780262158172967 0.40944169984189943 0.8418180001611764 0.2990210189067369 0.3722690063087503 0.3879376237855445 0.9241628212005237 0.6146620943828536 0.9002935795209055 0.4551421931854322 0.11534257441380263 0.5501526285692797 0.19601955442067132 0.37967550062447014 0.7428658628967109 0.15276899082900275 0.5405379361789612 0.3145366140766897 0.4635650272936196 0.1121624441559751 0.25889736061498125 0.46196679957632414 0.2762438024175966 0.03891164050999918 0.509483764641915 0.663790306941016 0.6798912897395645 0.29726691996432353 0.6073985492181906 0.5042265910369421 0.6603956503411708 
0.6547798099156357 0.18932663392944798 0.5542956625703434 0.5273986341997942 0.6041930062293549 0.14322443226941667 0.27431056402376464 0.5496901273687433 0.27928489560956576 0.2957727364903063 0.08607395606871854 0.4973011663643915 0.3523599445633866 0.3917733187448539 0.49814571727722395 0.3584166062835932 0.3376989650408599 0.48521861427454815 0.3254177524369393 0.22552103079758656 0.013498437178226297 0.4399559346346923 0.2945186056747111 0.7435797104835671 0.509483764641915 0.5994881846138059 0.6622202179687909 0.8218584846156592 0.40834532469754853 0.3101661032813437 0.6270090793733427 0.480490837358297 
0.521886698073573 0.4178106338421493 0.45265812182454185 0.5762700699557978 0.1460819184345286 0.5012027040164483 0.7570714858005061 0.6512631090208711 0.5549234761802714 0.8291444964049938 0.2789436618467147 0.7889546544730688 0.599947659743552 0.4169554615933121 0.6127612947298742 0.5519212704229046 0.5948143549273817 0.8208521620886988 0.4953258673165184 0.19371071367992654 0.31624014019656016 0.6418243853019187 0.7486740529397914 0.3765437117524364 0.663790306941016 0.6622202179687909 0.08143654184382221 0.24133873350120155 0.27204248815814414 0.5317933406422739 0.2561523547321399 0.24151369681695456 
0.583569595224606 0.42404486794312696 0.7483595470787638 0.6053877688537288 0.35611892805519435 0.6171564197745419 0.3281337130583188 0.2750436043917387 0.3722271180894501 0.14409307905786567 0.07291640058471022 0.3709402053623671 0.191636554538277 0.25295987494544464 0.42594049167297654 0.7130305663205374 0.5535116840394025 0.8527494429241496 0.6069284039471108 0.7024057186047628 0.5532981258549519 0.0721474409894225 0.6081060273279777 0.20346642919031255 0.6798912897395645 0.8218584846156592 0.24133873350120155 0.9609002074778236 0.5603817739386128 0.32759469634053845 0.6029772291211217 0.6651776871549626 
0.21219089102809957 0.4436613897373754 0.8021735461192894 0.44729567592797825 0.6557018036875446 0.6151569486233146 0.48634765071140634 0.34265079699304357 0.5741202459556274 0.326408309560766 0.45440480234020114 0.3773995069910729 0.26227921557780176 0.5034577471254775 0.48566579260547654 0.3827707085670615 0.7538719105003393 0.03137565451944657 0.8650410591747884 0.9329685038288076 0.35603164905785595 0.2798874509038911 0.3613273977014085 0.12641301490182238 0.29726691996432353 0.40834532469754853 0.27204248815814414 0.5603817739386128 0.6113486908094544 0.2512801196345547 0.7729721997631853 0.9264093132424385 
0.44561957110083905 0.5785039998721835 0.5156224191961432 0.3693485404171422 0.35560387610019817 0.379087529029174 0.7693785390336922 0.27941156132858136 0.6677395256056924 0.6942487158207299 0.6178811112758771 0.5954573647010684 0.4431599343238234 0.513285307496989 0.6325363561724832 0.5868879670966751 0.54626958094283 0.5155281369579785 0.580429887154876 0.41833754610330065 0.8381710759518193 0.597439721397042 0.5483165247878254 0.6316293801051391 0.6073985492181906 0.3101661032813437 0.5317933406422739 0.32759469634053845 0.2512801196345547 0.29248709358368985 0.3615687793317479 0.4536548016979266 
0.428883364787009 0.44295874200942476 0.20688566703216693 0.7335861452718 0.6149155470641654 0.698106876237433 0.4646537385482444 0.674850417801949 0.8247449090953765 0.2932976445513729 0.4169580643759859 0.3206687129197947 0.6764094239885962 0.49834722738551757 0.3668186854071248 0.3447209564813898 0.5289119579346289 0.7868623790439719 0.8555364573132686 0.19701120435572683 0.444114575562871 0.6091504013745623 0.36831845413936565 0.32977636410167366 0.5042265910369421 0.6270090793733427 0.2561523547321399 0.6029772291211217 0.7729721997631853 0.3615687793317479 0.3830752090983943 0.6097120340830525 
0.8384992876470421 0.3340908141740071 0.47381064299563697 0.32385565334616284 0.26286834692215016 0.6433180329464911 0.5739080858152337 0.318290174796077 0.7173234328258635 0.7606284460444472 0.4073683368924173 0.33437876466808264 0.18278729858286574 0.7366907659924049 0.9198815351765901 0.3819777673443034 0.6607329580276471 0.8460066646427465 0.479541410163414 0.2537261861551512 0.3288940519913302 0.19627702730701263 0.36261428698737624 0.21499775668704524 0.6603956503411708 0.480490837358297 0.24151369681695456 0.6651776871549626 0.9264093132424385 0.4536548016979266 0.6097120340830525 0.06856600261027523 