16
66 51 96 4 74 39 40 21 2 63 66 48 19 72 91 75 
66 9 90 10 53 71 33 21 46 10 20 38 15 34 82 42 
71 70 23 21 43 94 37 49 58 94 83 45 2 97 81 24 
1 33 20 56 68 93 99 49 26 65 16 41 4 25 19 25 
42 72 99 5 50 85 88 62 99 45 94 37 68 55 38 88 
68 4 22 93 27 59 84 83 13 31 4 91 95 55 6 23 
1 68 65 39 27 95 22 1 24 16 45 83 86 9 45 14 
28 1 89 91 75 62 7 27 79 14 89 50 96 63 25 59 
10 97 26 33 90 20 35 70 65 64 12 22 30 100 24 11 
77 10 43 18 65 20 33 28 77 14 47 69 30 34 15 66 
94 69 25 65 66 59 15 74 49 92 83 47 87 78 47 58 
48 49 53 38 36 88 96 33 85 90 98 68 77 81 53 7 
21 55 82 8 70 87 48 5 34 74 88 92 95 75 76 25 
7 34 87 70 65 81 59 14 94 16 96 52 61 38 88 83 
31 98 80 76 48 98 23 51 64 28 35 68 56 72 95 69 
44 80 19 83 10 81 71 7 23 38 58 86 17 70 72 79 
86 76 97 141 162 121 121 101 135 65 93 175 44 67 102 70 
76 34 69 94 105 149 124 112 162 109 64 99 97 31 137 125 
97 69 70 158 76 192 102 66 171 84 144 174 168 144 38 75 
141 94 158 130 182 137 64 75 80 136 99 40 70 83 141 84 
162 105 76 182 132 154 150 55 78 101 63 108 63 127 77 22 
121 149 192 137 154 130 144 145 63 151 127 184 90 161 105 151 
121 124 102 64 150 144 192 67 75 121 147 47 141 99 108 190 
101 112 66 75 55 145 67 190 81 39 87 119 99 108 108 90 
135 162 171 80 78 63 75 81 134 115 148 108 100 29 120 80 
65 109 84 136 101 151 121 39 115 198 100 109 110 103 152 98 
93 64 144 99 63 127 147 87 148 100 58 38 94 64 100 138 
175 99 174 40 108 184 47 119 108 109 38 60 108 101 39 132 
44 97 168 70 63 90 141 99 100 110 94 108 120 95 40 97 
67 31 144 83 127 161 99 108 29 103 64 101 95 132 57 103 
102 137 38 141 77 105 108 108 120 152 100 39 40 57 198 21 
70 125 75 84 22 151 190 90 80 98 138 132 97 103 21 142 