32 4.156375306336134 27.988123205851394 384 6166
95 9 14 86 66 43 9 100 13 4 78 33 23 75 61 74 83 47 50 97 4 28 75 14 80 13 78 34 55 35 96 70 
77 76 11 39 4 26 93 100 24 71 44 53 26 68 6 63 37 38 64 57 65 65 5 74 56 84 29 32 43 19 64 33 
68 51 65 23 98 80 75 20 94 30 42 84 11 34 97 65 12 8 69 22 4 35 60 93 24 19 90 64 43 87 42 79 
4 57 55 31 66 48 66 8 53 56 35 8 8 17 61 2 45 30 66 4 22 20 100 31 39 96 92 11 89 84 87 58 
46 29 65 25 23 89 21 25 1 15 92 4 81 94 8 45 86 20 92 8 78 39 22 32 53 72 27 27 54 37 41 62 
88 16 67 60 23 23 81 100 100 31 7 73 27 14 64 66 10 57 37 93 21 48 93 10 31 7 28 81 25 45 4 70 
9 52 7 27 35 65 100 67 62 76 74 67 43 37 94 43 18 96 57 50 22 97 1 46 75 96 11 66 50 88 88 66 
40 60 71 12 58 48 86 66 38 87 21 56 19 81 3 27 37 98 24 33 85 66 77 73 89 94 47 50 79 59 27 23 
68 77 76 88 86 33 9 82 99 92 38 19 29 91 8 14 81 57 4 30 70 38 41 98 81 80 5 43 33 46 19 77 
7 42 49 100 29 93 87 35 3 86 43 40 59 31 38 58 5 56 30 51 34 61 22 13 49 1 21 44 79 67 28 59 
57 37 65 16 99 32 25 7 15 48 72 96 82 99 36 88 23 88 67 35 73 90 70 67 25 71 16 76 77 48 80 51 
1 48 99 78 1 64 31 83 93 50 25 74 98 27 76 43 53 32 7 66 99 34 33 48 64 25 52 57 19 16 93 27 
55 22 89 74 78 58 57 69 91 48 95 85 24 42 67 49 65 47 33 90 5 89 42 44 84 18 77 53 48 70 81 90 
87 76 94 69 26 57 33 76 68 66 95 80 16 16 59 71 13 38 23 51 88 40 12 37 64 83 77 14 22 96 26 12 
29 15 51 48 68 9 47 14 47 74 31 37 69 34 52 97 96 95 53 23 11 28 25 55 65 22 21 76 26 48 94 5 
58 4 86 81 51 50 78 67 28 31 67 79 64 82 89 29 80 44 59 68 19 42 41 65 41 33 84 20 54 42 75 73 
40 83 45 82 56 42 1 63 78 60 16 15 63 55 98 53 91 39 71 3 27 28 76 14 13 22 12 20 86 7 92 56 
92 78 13 99 35 80 85 5 1 15 96 27 90 20 33 1 44 43 4 94 70 66 15 94 75 57 75 89 92 68 97 59 
26 95 45 53 26 10 54 29 21 24 42 1 80 81 45 48 75 17 99 27 13 94 100 29 12 6 9 26 72 90 28 48 
87 100 39 98 51 21 34 76 14 74 81 8 78 78 26 36 41 53 76 43 57 21 26 31 9 77 23 37 5 30 88 11 
17 67 28 28 72 36 81 70 19 58 55 23 30 42 87 58 26 42 38 99 44 95 69 17 70 84 45 86 77 100 77 63 
53 4 3 20 76 7 22 73 14 32 32 58 54 100 86 45 97 37 15 100 36 67 84 72 69 49 32 44 9 74 59 93 
98 49 86 36 11 54 67 90 58 36 77 98 81 81 33 37 90 14 85 45 51 49 30 71 22 80 47 2 30 27 6 83 
33 45 91 50 28 34 34 91 55 12 60 46 11 7 6 96 59 70 100 78 37 61 88 47 48 80 99 23 9 81 98 9 
45 88 49 29 3 56 84 4 83 9 3 86 36 18 36 91 1 28 98 52 90 44 17 84 76 33 100 74 57 51 73 59 
20 51 36 43 79 8 38 6 16 89 95 33 54 36 30 88 75 78 81 32 63 18 6 34 62 85 16 75 64 86 35 20 
10 88 78 50 79 94 58 61 42 32 56 17 56 85 83 100 62 26 34 63 75 59 43 62 40 76 19 65 62 17 63 38 
26 63 63 72 13 31 83 40 23 66 17 63 100 51 30 59 21 99 78 85 56 24 53 54 47 4 63 11 11 74 29 86 
40 32 56 53 3 91 63 18 88 66 79 15 69 18 49 57 33 29 4 18 91 35 42 54 92 80 100 22 21 53 71 81 
79 75 83 63 70 26 19 49 56 46 28 53 44 50 5 29 62 7 91 89 17 74 99 33 76 68 32 73 73 29 60 36 
16 84 4 51 3 23 10 47 83 10 15 93 85 93 82 75 45 62 94 10 31 41 66 6 12 59 47 23 92 82 58 65 
79 99 34 76 54 55 13 59 10 33 79 28 62 30 29 79 5 12 48 10 86 72 72 46 16 89 1 50 55 18 61 31 
0.15900301625457747 0.2868287447081599 0.47966098368013904 0.28523189821589634 0.5544523180607868 0.44294655363425706 0.7277609412490498 0.3189456188863153 0.8429500625395758 0.6758524003900357 0.3678558044745194 0.28957380600164556 0.6242739692180906 0.4840948234580465 0.5737811266243599 0.7235438926673272 0.416778634068799 0.8539289376475849 0.238026414283096 0.12879290191116755 0.7557824257613781 0.3929698437812856 0.5137182260813589 0.5972997997278666 0.46395856180650297 0.15567477958264492 0.8836532049697321 0.7783714399522572 0.4306346011906092 0.3867097697769209 0.8820370318314543 0.5691266309290441 
0.2868287447081599 0.8881146064645403 0.2110796465950358 0.632939328106777 0.26488237335474374 0.6265047286313596 0.391821530711099 0.6871603193876673 0.20204021404419759 0.5070629175936805 0.949218862469649 0.3389738555321785 0.6504409297810445 0.5745005754847899 0.8696008384023545 0.9826553717554791 0.1922903920348102 0.5046832344597096 0.27927345680091425 0.30001940104612423 0.5050957618614718 0.7270025315784824 0.371303405285959 0.4849625927633184 0.36647173166587854 0.6305778132014578 0.4156121589429881 0.3333754614053706 0.5021902239456726 0.13859016318361372 0.22296739235065316 0.7019293920072391 
0.47966098368013904 0.2110796465950358 0.869035774358061 0.34100275450303746 0.8235602900979768 0.8365399288895697 0.5795544363808045 0.7178200712610723 0.3683082438627579 0.5420603788786091 0.5465504854529133 0.36687835635223826 0.7580171025581324 0.5646191832775538 0.8437038854450642 0.45436891174100685 0.3511516202863584 0.621495281132604 0.4403603801440818 0.2547987700817452 0.22418790517708193 0.43522772942778787 0.3714592527229238 0.7889265586326855 0.44429224347281504 0.39923636713440797 0.28988400743300113 0.18708759212549037 0.334785918014817 0.8367924040531804 0.7131006423761925 0.7849812046748985 
0.28523189821589634 0.632939328106777 0.34100275450303746 0.6552762645205932 0.44665089214382747 0.41958015714977004 0.26556960604432833 0.4943790531847524 0.35145889135457964 0.64207355469623 0.36866155547882995 0.45232528121939086 0.5687366879569618 0.4383244326261454 0.5152055545076395 0.8642641861751614 0.7877874369824434 0.3894277857793538 0.7818416818851395 0.5927688252331982 0.49850823210142897 0.7074624539933846 0.4118596644302613 0.5127027975987194 0.014051124009718474 0.340271863666926 0.42785947670114644 0.56038327364398 0.4553075517125942 0.4137835140854611 0.233525124561627 0.548476166570192 
0.5544523180607868 0.26488237335474374 0.8235602900979768 0.44665089214382747 0.9256217486303859 0.13677976748891035 0.4429649743352429 0.5508478962391828 0.39579626917938254 0.7832774102229142 0.4893383793290901 0.16207693080708424 0.671159253272964 0.28514413240255543 0.3217195167035662 0.52126502756075 0.10996306378657023 0.22899285987803425 0.5548729020999263 0.6627191654873075 0.31034049322383744 0.7897442599670705 0.08635355755386226 0.8350700841813097 0.3052398723396757 0.38737589182508436 0.8686522028505019 0.5669308659763153 0.42712828342237485 0.7445576443099944 0.4857955530816519 0.1478214322294199 
0.44294655363425706 0.6265047286313596 0.8365399288895697 0.41958015714977004 0.13677976748891035 0.9999467025873309 0.4759789656213079 0.03540196011346525 0.37101045210544104 0.5393123485570268 0.4919265712424002 0.3440349170346225 0.4947506608675767 0.5939860084128706 0.19457512343517935 0.5730310533723919 0.5203302389455473 0.32296435788262146 0.7675069911550693 0.15439428332666355 0.3889666238495256 0.5556993827435636 0.5216312357029707 0.4073614351882423 0.5393989484324242 0.9104000368494085 0.288765914914752 0.3856147794883406 0.8006987760449278 0.4255703226102258 0.6501510525238443 0.39397542446863826 
0.7277609412490498 0.391821530711099 0.5795544363808045 0.26556960604432833 0.4429649743352429 0.4759789656213079 0.45386830177989923 0.20336193392679297 0.7459502800143518 0.5531157049670943 0.0593681226376126 0.9212784948490735 0.772733863623498 0.43750565493250215 0.7038053875940979 0.4630257716600975 0.5534210352838065 0.19090924460936054 0.3368512210484304 0.5196030342592699 0.4881502487082131 0.7673895370829422 0.3180292607068084 0.49304387767845137 0.7651332880902391 0.6852924236502586 0.3015568465287828 0.7352837277777351 0.2387525450769014 0.5779025879389544 0.6413552532837447 0.5755373096153268 
0.3189456188863153 0.6871603193876673 0.7178200712610723 0.4943790531847524 0.5508478962391828 0.03540196011346525 0.20336193392679297 0.6902587848864228 0.70135263086045 0.809809084857213 0.5120161473823788 0.6678857890162648 0.7088395578269984 0.14695419178712593 0.6124417779852647 0.8329358089124459 0.5765458763946864 0.5063363876387248 0.6584190048670171 0.8507489731739959 0.3638570502927415 0.4183731596262824 0.12914627960553954 0.4993315020029976 0.5997698795102091 0.544863635160959 0.26238437485302557 0.3905352801982668 0.7295170995097 0.6195474074895493 0.585178511551867 0.7460829758732781 
0.8429500625395758 0.20204021404419759 0.3683082438627579 0.35145889135457964 0.39579626917938254 0.37101045210544104 0.7459502800143518 0.70135263086045 0.10752054561397151 0.22650059226389802 0.46821196012409877 0.7958268123351394 0.5960136176732815 0.6745078454093204 0.21264156692409802 0.7297614248601516 0.28551842810400246 0.5104825689738524 0.14778550239945903 0.09866832840259804 0.5367203595784098 0.14510601247601473 0.7725493967833412 0.4222097085286607 0.25315097940248554 0.6931333847194221 0.4213921361354131 0.4750655561057557 0.45537686886860496 0.06868079239940661 0.7297137509037168 0.1880959443300183 
0.6758524003900357 0.5070629175936805 0.5420603788786091 0.64207355469623 0.7832774102229142 0.5393123485570268 0.5531157049670943 0.809809084857213 0.22650059226389802 0.5845937186324888 0.5337200397437813 0.724229538982389 0.1860721744262535 0.4570396216135512 0.6894575363834676 0.4998700499181017 0.5362855379305087 0.7165606165766528 0.4596578410668607 0.8229758457050633 0.5272689523518223 0.6395260678472827 0.6866520133466708 0.5730178666932677 0.2519597430408785 0.8763164280377786 0.7871966863977158 0.2904654272514182 0.6277044622038763 0.4000495757084511 0.5380433906396456 0.39485576996629274 
0.3678558044745194 0.949218862469649 0.5465504854529133 0.36866155547882995 0.4893383793290901 0.4919265712424002 0.0593681226376126 0.5120161473823788 0.46821196012409877 0.5337200397437813 0.7312222009346286 0.6079911697372049 0.5061423757803776 0.3710838091854399 0.6730558765034136 0.48166027304752135 0.5936599796361817 0.45492478061454766 0.5251968689468349 0.21028333930189974 0.665706614130585 0.810612847043406 0.7941384327023733 0.39289785852288744 0.660258654372551 0.6472126034902926 0.7926731916552829 0.5978568084472524 0.21292827169065898 0.5574627846692517 0.8439411679086355 0.47104548287042564 
0.28957380600164556 0.3389738555321785 0.36687835635223826 0.45232528121939086 0.16207693080708424 0.3440349170346225 0.9212784948490735 0.6678857890162648 0.7958268123351394 0.724229538982389 0.6079911697372049 0.16882201134952246 0.6475877024360053 0.36258941760520186 0.3201011356149699 0.25427798961662335 0.671127171116406 0.4476963391578984 0.407695060354137 0.9240209781019489 0.40591409286621943 0.470998821615045 0.7643425721145742 0.8710013863606931 0.5470731708237122 0.41443377937786663 0.4159036672019433 0.23649917656332914 0.6905097877153907 0.07541015992034561 0.7125644262852877 0.20828423338030594 
0.6242739692180906 0.6504409297810445 0.7580171025581324 0.5687366879569618 0.671159253272964 0.4947506608675767 0.772733863623498 0.7088395578269984 0.5960136176732815 0.1860721744262535 0.5061423757803776 0.6475877024360053 0.7418209473349086 0.4479851882414094 0.3531180537499192 0.5782010187740774 0.5485100468748789 0.24429377027960159 0.20403737230070895 0.6193025272036154 0.28596835383539343 0.2900657124804321 0.8012482253920967 0.9499389852461124 0.37763614211996765 0.7173414369597542 0.5719622447840575 0.4382588844807925 0.3640568981015454 0.345908062837431 0.8233898121261309 0.4266354871546489 
0.4840948234580465 0.5745005754847899 0.5646191832775538 0.4383244326261454 0.28514413240255543 0.5939860084128706 0.43750565493250215 0.14695419178712593 0.6745078454093204 0.4570396216135512 0.3710838091854399 0.36258941760520186 0.4479851882414094 0.06832340271586557 0.5549691274392181 0.5298349181378992 0.4242172267033685 0.6832528515165823 0.4654969677407062 0.19168901243248332 0.4858366641186267 0.5795805553073814 0.46764608534800745 0.6304832421502695 0.8164718659065211 0.5276610875687656 0.30465450663247573 0.3415579587004548 0.47435148542704647 0.4687623884740251 0.28776045275152107 0.7487190721119559 
0.5737811266243599 0.8696008384023545 0.8437038854450642 0.5152055545076395 0.3217195167035662 0.19457512343517935 0.7038053875940979 0.6124417779852647 0.21264156692409802 0.6894575363834676 0.6730558765034136 0.3201011356149699 0.3531180537499192 0.5549691274392181 0.9410228209208382 0.6092578674219601 0.03579592315598856 0.2246704240999 0.5028578935801312 0.6250125764782557 0.4000029162624621 0.04315586179374925 0.7504217426271527 0.1545676829903488 0.24780229665095949 0.535918591244749 0.6729853600724315 0.13960416633743966 0.6889157742095116 0.6704453054565217 0.431820594744475 0.5085428180380189 
0.7235438926673272 0.9826553717554791 0.45436891174100685 0.8642641861751614 0.52126502756075 0.5730310533723919 0.4630257716600975 0.8329358089124459 0.7297614248601516 0.4998700499181017 0.48166027304752135 0.25427798961662335 0.5782010187740774 0.5298349181378992 0.6092578674219601 0.12151112751106086 0.5439112100515708 0.8005814253454977 0.738618924037344 0.12609500459074224 0.2111779119177798 0.6541476203038474 0.6301300108058445 0.8771746506003102 0.811179162036248 0.17574941475996214 0.5881318867168992 0.5698976184494863 0.2106603352092684 0.8167834362278467 0.3574513728035937 0.3781944834015387 
0.416778634068799 0.1922903920348102 0.3511516202863584 0.7877874369824434 0.10996306378657023 0.5203302389455473 0.5534210352838065 0.5765458763946864 0.28551842810400246 0.5362855379305087 0.5936599796361817 0.671127171116406 0.5485100468748789 0.4242172267033685 0.03579592315598856 0.5439112100515708 0.9608320686898361 0.7857327926458675 0.3801615897034947 0.6791360503754466 0.5203229921783051 0.4066836120968071 0.5172373910684427 0.3926284903526807 0.7174939380365903 0.5224636808810219 0.5728966097509829 0.2503930133224622 0.8665083856895863 0.5341852975745659 0.5590981569286565 0.4901559900945026 
0.8539289376475849 0.5046832344597096 0.621495281132604 0.3894277857793538 0.22899285987803425 0.32296435788262146 0.19090924460936054 0.5063363876387248 0.5104825689738524 0.7165606165766528 0.45492478061454766 0.4476963391578984 0.24429377027960159 0.6832528515165823 0.2246704240999 0.8005814253454977 0.7857327926458675 0.4692319697137609 0.6438773107704481 0.37127387108384335 0.29768509171828883 0.6962535590817618 0.5278890616208788 0.18465315640233498 0.12722740750979417 0.6377060938459548 0.3126850797039021 0.36380432129303497 0.7481821623745037 0.5432224394836893 0.5903777167205333 0.34919311419414817 
0.238026414283096 0.27927345680091425 0.4403603801440818 0.7818416818851395 0.5548729020999263 0.7675069911550693 0.3368512210484304 0.6584190048670171 0.14778550239945903 0.4596578410668607 0.5251968689468349 0.407695060354137 0.20403737230070895 0.4654969677407062 0.5028578935801312 0.738618924037344 0.3801615897034947 0.6438773107704481 0.16679635991570052 0.6262165070703491 0.2091840381097872 0.39564387601264317 0.774548598650181 0.5463855552279901 0.49469421868130986 0.5740481548056361 0.7985083857610362 0.6013833484392012 0.49294347707403674 0.5511517937528518 0.31912455696057085 0.2809924462327197 
0.12879290191116755 0.30001940104612423 0.2547987700817452 0.5927688252331982 0.6627191654873075 0.15439428332666355 0.5196030342592699 0.8507489731739959 0.09866832840259804 0.8229758457050633 0.21028333930189974 0.9240209781019489 0.6193025272036154 0.19168901243248332 0.6250125764782557 0.12609500459074224 0.6791360503754466 0.37127387108384335 0.6262165070703491 0.795196706033485 0.7228546686740395 0.6477402686508733 0.20356397834579082 0.2659268775311654 0.5640379058796052 0.49575852042362906 0.899002936049089 0.5193003859106866 0.5590605700925972 0.3510123706532878 0.5844296246761342 0.7558664163926792 
0.7557824257613781 0.5050957618614718 0.22418790517708193 0.49850823210142897 0.31034049322383744 0.3889666238495256 0.4881502487082131 0.3638570502927415 0.5367203595784098 0.5272689523518223 0.665706614130585 0.40591409286621943 0.28596835383539343 0.4858366641186267 0.4000029162624621 0.2111779119177798 0.5203229921783051 0.29768509171828883 0.2091840381097872 0.7228546686740395 0.8105406147701457 0.415644923720511 0.5590003195783904 0.8210491243284785 0.8108329457245538 0.6192839466200525 0.6339299025657985 0.12266261113758292 0.48553475725818074 0.6940684487970465 0.6302009942177875 0.3371426568307857 
0.3929698437812856 0.7270025315784824 0.43522772942778787 0.7074624539933846 0.7897442599670705 0.5556993827435636 0.7673895370829422 0.4183731596262824 0.14510601247601473 0.6395260678472827 0.810612847043406 0.470998821615045 0.2900657124804321 0.5795805553073814 0.04315586179374925 0.6541476203038474 0.4066836120968071 0.6962535590817618 0.39564387601264317 0.6477402686508733 0.415644923720511 0.9563875278853586 0.7292422556416357 0.17497831204750408 0.6645261796506063 0.4937525348129531 0.5331940526037482 0.22491448629208627 0.3177341210148112 0.21978960684326487 0.4794924031716799 0.806300899945772 
0.5137182260813589 0.371303405285959 0.3714592527229238 0.4118596644302613 0.08635355755386226 0.5216312357029707 0.3180292607068084 0.12914627960553954 0.7725493967833412 0.6866520133466708 0.7941384327023733 0.7643425721145742 0.8012482253920967 0.46764608534800745 0.7504217426271527 0.6301300108058445 0.5172373910684427 0.5278890616208788 0.774548598650181 0.20356397834579082 0.5590003195783904 0.7292422556416357 0.3974786838999277 0.44028363982379726 0.5501088613282772 0.4668149917113155 0.4813297892845127 0.4299586564039086 0.6733500434601012 0.19005037514732204 0.8705687345069338 0.7929399637642308 
0.5972997997278666 0.4849625927633184 0.7889265586326855 0.5127027975987194 0.8350700841813097 0.4073614351882423 0.49304387767845137 0.4993315020029976 0.4222097085286607 0.5730178666932677 0.39289785852288744 0.8710013863606931 0.9499389852461124 0.6304832421502695 0.1545676829903488 0.8771746506003102 0.3926284903526807 0.18465315640233498 0.5463855552279901 0.2659268775311654 0.8210491243284785 0.17497831204750408 0.44028363982379726 0.6683693195633721 0.498451691875804 0.5953619272795422 0.8404676326228877 0.627004995882662 0.7307681097383786 0.4625453512024934 0.3626932025670867 0.7831412733587517 
0.46395856180650297 0.36647173166587854 0.44429224347281504 0.014051124009718474 0.3052398723396757 0.5393989484324242 0.7651332880902391 0.5997698795102091 0.25315097940248554 0.2519597430408785 0.660258654372551 0.5470731708237122 0.37763614211996765 0.8164718659065211 0.24780229665095949 0.811179162036248 0.7174939380365903 0.12722740750979417 0.49469421868130986 0.5640379058796052 0.8108329457245538 0.6645261796506063 0.5501088613282772 0.498451691875804 0.025581473911129415 0.7780060520405966 0.16998115937087427 0.4946789279093004 0.7684804866820543 0.7450261312739346 0.6952636751473424 0.3770195396374297 
0.15567477958264492 0.6305778132014578 0.39923636713440797 0.340271863666926 0.38737589182508436 0.9104000368494085 0.6852924236502586 0.544863635160959 0.6931333847194221 0.8763164280377786 0.6472126034902926 0.41443377937786663 0.7173414369597542 0.5276610875687656 0.535918591244749 0.17574941475996214 0.5224636808810219 0.6377060938459548 0.5740481548056361 0.49575852042362906 0.6192839466200525 0.4937525348129531 0.4668149917113155 0.5953619272795422 0.7780060520405966 0.6475370617759398 0.5456344448633355 0.3109800406295055 0.7268476470114902 0.42702745263046116 0.519454877894675 0.4912164286587502 
0.8836532049697321 0.4156121589429881 0.28988400743300113 0.42785947670114644 0.8686522028505019 0.288765914914752 0.3015568465287828 0.26238437485302557 0.4213921361354131 0.7871966863977158 0.7926731916552829 0.4159036672019433 0.5719622447840575 0.30465450663247573 0.6729853600724315 0.5881318867168992 0.5728966097509829 0.3126850797039021 0.7985083857610362 0.899002936049089 0.6339299025657985 0.5331940526037482 0.4813297892845127 0.8404676326228877 0.16998115937087427 0.5456344448633355 0.6117028465620941 0.8670065618247973 0.2579698613514913 0.4654562958091286 0.4934355332378752 0.29592423037589377 
0.7783714399522572 0.3333754614053706 0.18708759212549037 0.56038327364398 0.5669308659763153 0.3856147794883406 0.7352837277777351 0.3905352801982668 0.4750655561057557 0.2904654272514182 0.5978568084472524 0.23649917656332914 0.4382588844807925 0.3415579587004548 0.13960416633743966 0.5698976184494863 0.2503930133224622 0.36380432129303497 0.6013833484392012 0.5193003859106866 0.12266261113758292 0.22491448629208627 0.4299586564039086 0.627004995882662 0.4946789279093004 0.3109800406295055 0.8670065618247973 0.4032153579389801 0.15791451016347446 0.561539311480308 0.6040195728789095 0.17948268067782147 
0.4306346011906092 0.5021902239456726 0.334785918014817 0.4553075517125942 0.42712828342237485 0.8006987760449278 0.2387525450769014 0.7295170995097 0.45537686886860496 0.6277044622038763 0.21292827169065898 0.6905097877153907 0.3640568981015454 0.47435148542704647 0.6889157742095116 0.2106603352092684 0.8665083856895863 0.7481821623745037 0.49294347707403674 0.5590605700925972 0.48553475725818074 0.3177341210148112 0.6733500434601012 0.7307681097383786 0.7684804866820543 0.7268476470114902 0.2579698613514913 0.15791451016347446 0.1609185525969088 0.10930287827921753 0.2269793088747879 0.6376359275612833 
0.3867097697769209 0.13859016318361372 0.8367924040531804 0.4137835140854611 0.7445576443099944 0.4255703226102258 0.5779025879389544 0.6195474074895493 0.06868079239940661 0.4000495757084511 0.5574627846692517 0.07541015992034561 0.345908062837431 0.4687623884740251 0.6704453054565217 0.8167834362278467 0.5341852975745659 0.5432224394836893 0.5511517937528518 0.3510123706532878 0.6940684487970465 0.21978960684326487 0.19005037514732204 0.4625453512024934 0.7450261312739346 0.42702745263046116 0.4654562958091286 0.561539311480308 0.10930287827921753 0.5689790485411014 0.44335623454866413 0.1748419559953895 
0.8820370318314543 0.22296739235065316 0.7131006423761925 0.233525124561627 0.4857955530816519 0.6501510525238443 0.6413552532837447 0.585178511551867 0.7297137509037168 0.5380433906396456 0.8439411679086355 0.7125644262852877 0.8233898121261309 0.28776045275152107 0.431820594744475 0.3574513728035937 0.5590981569286565 0.5903777167205333 0.31912455696057085 0.5844296246761342 0.6302009942177875 0.4794924031716799 0.8705687345069338 0.3626932025670867 0.6952636751473424 0.519454877894675 0.4934355332378752 0.6040195728789095 0.2269793088747879 0.44335623454866413 0.3136650789670117 0.8976887897647285 
0.5691266309290441 0.7019293920072391 0.7849812046748985 0.548476166570192 0.1478214322294199 0.39397542446863826 0.5755373096153268 0.7460829758732781 0.1880959443300183 0.39485576996629274 0.47104548287042564 0.20828423338030594 0.4266354871546489 0.7487190721119559 0.5085428180380189 0.3781944834015387 0.4901559900945026 0.34919311419414817 0.2809924462327197 0.7558664163926792 0.3371426568307857 0.806300899945772 0.7929399637642308 0.7831412733587517 0.3770195396374297 0.4912164286587502 0.29592423037589377 0.17948268067782147 0.6376359275612833 0.1748419559953895 0.8976887897647285 0.5726737429062648 