16
74 45 6 1 8 74 23 44 19 71 56 36 57 83 74 77 
3 66 60 82 95 4 46 94 93 38 82 73 33 20 83 38 
16 71 62 86 15 14 5 30 76 51 40 80 3 61 2 72 
91 97 71 29 18 31 67 47 65 59 73 6 53 37 52 36 
75 95 3 89 97 60 2 51 50 92 67 57 19 15 84 3 
13 88 84 94 24 1 16 36 22 90 88 11 13 7 99 75 
64 69 39 80 75 49 70 72 39 7 89 88 80 29 35 81 
40 15 69 73 27 86 3 30 49 67 10 94 91 22 96 10 
37 37 79 97 43 12 84 76 87 88 30 30 79 100 96 8 
92 36 16 48 65 69 49 94 74 68 50 70 82 23 60 60 
66 13 77 28 95 99 50 96 35 14 74 73 89 19 81 75 
78 94 52 98 29 83 17 74 19 9 49 34 25 52 46 22 
53 58 81 21 40 56 19 100 53 57 96 54 30 66 31 13 
16 46 100 76 10 33 35 94 14 39 60 34 27 59 23 94 
93 80 33 65 84 39 39 78 44 77 43 57 84 64 22 62 
51 39 45 3 79 58 30 91 36 25 10 64 84 43 97 58 
90 77 131 183 63 54 122 105 36 78 31 70 54 54 95 53 
77 148 161 168 60 69 111 35 98 74 95 118 130 161 94 82 
131 161 180 135 151 200 108 99 99 136 85 92 71 164 41 96 
183 168 135 90 57 118 95 155 108 126 44 68 59 58 100 84 
63 60 151 57 6 80 152 95 131 50 63 88 170 160 33 134 
54 69 200 118 80 74 82 64 106 57 44 152 125 105 95 137 
122 111 108 95 152 82 4 97 65 149 44 83 128 83 135 90 
105 35 99 155 95 64 97 16 89 37 102 167 69 85 112 105 
36 98 99 108 131 106 65 89 160 97 139 164 150 68 78 44 
78 74 136 126 50 57 149 37 97 34 120 156 125 61 115 190 
31 95 85 44 63 44 44 102 139 120 152 130 99 162 37 33 
70 118 92 68 88 152 83 167 164 156 130 24 188 97 102 72 
54 130 71 59 170 125 128 69 150 125 99 188 26 154 48 108 
54 161 164 58 160 105 83 85 68 61 162 97 154 140 51 162 
95 94 41 100 33 95 135 112 78 115 37 102 48 51 58 107 
53 82 96 84 134 137 90 105 44 190 33 72 108 162 107 194 